(24, 43, [((4, 18), (3, 18), 26), ((3, 18), (3, 17), 0), ((3, 17), (2, 17), 0), ((2, 17), (2, 16), 0), ((2, 16), (2, 15), 0), ((2, 15), (2, 14), 0), ((2, 14), (2, 13), 0), ((2, 13), (3, 13), 0), ((3, 13), (4, 13), 0), ((4, 13), (5, 13), 0), ((5, 13), (6, 13), 0), ((6, 13), (7, 13), 0), ((7, 13), (8, 13), 0), ((4, 18), (3, 18), 39), ((3, 18), (2, 18), 0), ((2, 18), (1, 18), 0), ((1, 18), (0, 18), 0), ((0, 18), (0, 17), 0), ((0, 17), (0, 16), 0), ((0, 16), (0, 15), 0), ((4, 18), (4, 19), 46), ((4, 19), (5, 19), 0), ((5, 19), (6, 19), 0), ((6, 19), (6, 18), 0)])
(25, 56, [((12, 2), (11, 2), 24), ((11, 2), (11, 3), 0), ((11, 3), (11, 4), 0), ((11, 4), (11, 5), 0), ((11, 5), (11, 6), 0), ((11, 6), (11, 7), 0), ((11, 7), (11, 8), 0), ((11, 8), (11, 9), 0), ((11, 9), (10, 9), 0), ((10, 9), (9, 9), 0), ((9, 9), (8, 9), 0), ((8, 9), (7, 9), 0), ((12, 2), (11, 2), 36), ((11, 2), (11, 1), 0), ((11, 1), (10, 1), 0), ((10, 1), (9, 1), 0), ((9, 1), (8, 1), 0), ((8, 1), (8, 2), 0), ((8, 2), (8, 3), 0), ((12, 2), (12, 3), 44), ((12, 3), (13, 3), 0), ((13, 3), (14, 3), 0), ((14, 3), (14, 4), 0), ((12, 2), (12, 1), 48), ((12, 1), (13, 1), 0)])
(25, 49, [((17, 4), (16, 4), 20), ((16, 4), (16, 5), 0), ((16, 5), (15, 5), 0), ((15, 5), (14, 5), 0), ((14, 5), (13, 5), 0), ((13, 5), (12, 5), 0), ((12, 5), (12, 4), 0), ((12, 4), (12, 3), 0), ((12, 3), (12, 2), 0), ((12, 2), (13, 2), 0), ((17, 4), (16, 4), 30), ((16, 4), (16, 5), 0), ((16, 5), (15, 5), 0), ((15, 5), (15, 6), 0), ((15, 6), (15, 7), 0), ((15, 7), (15, 8), 0), ((15, 8), (15, 9), 0), ((15, 9), (16, 9), 0), ((17, 4), (16, 4), 38), ((16, 4), (16, 5), 0), ((16, 5), (16, 6), 0), ((16, 6), (17, 6), 0), ((17, 6), (18, 6), 0), ((18, 6), (19, 6), 0), ((17, 4), (16, 4), 44), ((16, 4), (16, 3), 0), ((16, 3), (16, 2), 0), ((16, 2), (17, 2), 0), ((17, 4), (18, 4), 48), ((18, 4), (19, 4), 0)])
(23, 49, [((22, 6), (21, 6), 26), ((21, 6), (21, 7), 0), ((21, 7), (21, 8), 0), ((21, 8), (21, 9), 0), ((21, 9), (21, 10), 0), ((21, 10), (21, 11), 0), ((21, 11), (21, 12), 0), ((21, 12), (21, 13), 0), ((21, 13), (21, 14), 0), ((21, 14), (21, 15), 0), ((21, 15), (21, 16), 0), ((21, 16), (21, 17), 0), ((21, 17), (20, 17), 0), ((22, 6), (21, 6), 39), ((21, 6), (21, 7), 0), ((21, 7), (20, 7), 0), ((20, 7), (19, 7), 0), ((19, 7), (18, 7), 0), ((18, 7), (17, 7), 0), ((17, 7), (16, 7), 0), ((16, 7), (15, 7), 0), ((22, 6), (22, 7), 47), ((22, 7), (22, 8), 0), ((22, 8), (22, 9), 0)])
(25, 53, [((9, 0), (9, 1), 24), ((9, 1), (9, 2), 0), ((9, 2), (10, 2), 0), ((10, 2), (11, 2), 0), ((11, 2), (12, 2), 0), ((12, 2), (12, 3), 0), ((12, 3), (12, 4), 0), ((12, 4), (12, 5), 0), ((12, 5), (12, 6), 0), ((12, 6), (12, 7), 0), ((12, 7), (12, 8), 0), ((12, 8), (12, 9), 0), ((9, 0), (9, 1), 36), ((9, 1), (9, 2), 0), ((9, 2), (9, 3), 0), ((9, 3), (9, 4), 0), ((9, 4), (9, 5), 0), ((9, 5), (9, 6), 0), ((9, 6), (9, 7), 0), ((9, 7), (10, 7), 0), ((9, 0), (8, 0), 44), ((8, 0), (8, 1), 0), ((8, 1), (7, 1), 0), ((7, 1), (6, 1), 0), ((9, 0), (10, 0), 48), ((10, 0), (11, 0), 0)])
(25, 49, [((15, 7), (14, 7), 24), ((14, 7), (13, 7), 0), ((13, 7), (13, 6), 0), ((13, 6), (13, 5), 0), ((13, 5), (13, 4), 0), ((13, 4), (12, 4), 0), ((12, 4), (12, 3), 0), ((12, 3), (12, 2), 0), ((12, 2), (12, 1), 0), ((12, 1), (11, 1), 0), ((11, 1), (10, 1), 0), ((10, 1), (9, 1), 0), ((15, 7), (15, 8), 38), ((15, 8), (15, 9), 0), ((15, 9), (14, 9), 0), ((14, 9), (14, 10), 0), ((14, 10), (14, 11), 0), ((14, 11), (13, 11), 0), ((13, 11), (12, 11), 0), ((15, 7), (16, 7), 45), ((16, 7), (17, 7), 0), ((17, 7), (17, 8), 0), ((15, 7), (15, 6), 48), ((15, 6), (16, 6), 0)])
(25, 58, [((7, 18), (8, 18), 20), ((8, 18), (9, 18), 0), ((9, 18), (10, 18), 0), ((10, 18), (11, 18), 0), ((11, 18), (12, 18), 0), ((12, 18), (13, 18), 0), ((13, 18), (14, 18), 0), ((14, 18), (15, 18), 0), ((15, 18), (16, 18), 0), ((16, 18), (17, 18), 0), ((7, 18), (8, 18), 32), ((8, 18), (9, 18), 0), ((9, 18), (9, 17), 0), ((9, 17), (9, 16), 0), ((9, 16), (9, 15), 0), ((9, 15), (9, 14), 0), ((9, 14), (9, 13), 0), ((9, 13), (9, 12), 0), ((7, 18), (7, 17), 42), ((7, 17), (6, 17), 0), ((6, 17), (5, 17), 0), ((5, 17), (4, 17), 0), ((4, 17), (3, 17), 0), ((7, 18), (7, 19), 47), ((7, 19), (6, 19), 0), ((7, 18), (6, 18), 49)])
(25, 60, [((3, 10), (4, 10), 26), ((4, 10), (5, 10), 0), ((5, 10), (6, 10), 0), ((6, 10), (6, 11), 0), ((6, 11), (6, 12), 0), ((6, 12), (6, 13), 0), ((6, 13), (6, 14), 0), ((6, 14), (6, 15), 0), ((6, 15), (6, 16), 0), ((6, 16), (5, 16), 0), ((5, 16), (4, 16), 0), ((4, 16), (3, 16), 0), ((3, 16), (2, 16), 0), ((3, 10), (3, 9), 39), ((3, 9), (3, 8), 0), ((3, 8), (3, 7), 0), ((3, 7), (4, 7), 0), ((4, 7), (5, 7), 0), ((5, 7), (6, 7), 0), ((3, 10), (2, 10), 45), ((2, 10), (1, 10), 0), ((1, 10), (0, 10), 0), ((3, 10), (3, 11), 48), ((3, 11), (3, 12), 0)])
(25, 46, [((13, 4), (14, 4), 26), ((14, 4), (15, 4), 0), ((15, 4), (15, 5), 0), ((15, 5), (15, 6), 0), ((15, 6), (15, 7), 0), ((15, 7), (15, 8), 0), ((15, 8), (14, 8), 0), ((14, 8), (13, 8), 0), ((13, 8), (13, 9), 0), ((13, 9), (13, 10), 0), ((13, 10), (13, 11), 0), ((13, 11), (13, 12), 0), ((13, 12), (13, 13), 0), ((13, 4), (13, 3), 39), ((13, 3), (13, 2), 0), ((13, 2), (14, 2), 0), ((14, 2), (15, 2), 0), ((15, 2), (15, 1), 0), ((15, 1), (14, 1), 0), ((13, 4), (12, 4), 45), ((12, 4), (12, 3), 0), ((12, 3), (12, 2), 0), ((13, 4), (13, 5), 48), ((13, 5), (13, 6), 0)])
(23, 42, [((7, 18), (7, 17), 24), ((7, 17), (6, 17), 0), ((6, 17), (5, 17), 0), ((5, 17), (5, 16), 0), ((5, 16), (5, 15), 0), ((5, 15), (6, 15), 0), ((6, 15), (6, 14), 0), ((6, 14), (6, 13), 0), ((6, 13), (6, 12), 0), ((6, 12), (6, 11), 0), ((6, 11), (5, 11), 0), ((5, 11), (4, 11), 0), ((7, 18), (7, 17), 36), ((7, 17), (6, 17), 0), ((6, 17), (5, 17), 0), ((5, 17), (4, 17), 0), ((4, 17), (3, 17), 0), ((3, 17), (3, 16), 0), ((3, 16), (3, 15), 0), ((3, 15), (3, 14), 0), ((3, 14), (4, 14), 0), ((7, 18), (7, 17), 45), ((7, 17), (8, 17), 0), ((8, 17), (8, 16), 0), ((8, 16), (9, 16), 0), ((9, 16), (9, 15), 0)])
(25, 56, [((4, 2), (3, 2), 26), ((3, 2), (2, 2), 0), ((2, 2), (2, 3), 0), ((2, 3), (2, 4), 0), ((2, 4), (2, 5), 0), ((2, 5), (2, 6), 0), ((2, 6), (2, 7), 0), ((2, 7), (2, 8), 0), ((2, 8), (3, 8), 0), ((3, 8), (4, 8), 0), ((4, 8), (5, 8), 0), ((5, 8), (6, 8), 0), ((6, 8), (7, 8), 0), ((4, 2), (5, 2), 39), ((5, 2), (5, 1), 0), ((5, 1), (6, 1), 0), ((6, 1), (7, 1), 0), ((7, 1), (8, 1), 0), ((8, 1), (9, 1), 0), ((4, 2), (4, 3), 45), ((4, 3), (4, 4), 0), ((4, 4), (3, 4), 0), ((4, 2), (4, 1), 48), ((4, 1), (3, 1), 0)])
(25, 60, [((2, 15), (3, 15), 24), ((3, 15), (4, 15), 0), ((4, 15), (4, 14), 0), ((4, 14), (4, 13), 0), ((4, 13), (4, 12), 0), ((4, 12), (4, 11), 0), ((4, 11), (4, 10), 0), ((4, 10), (4, 9), 0), ((4, 9), (4, 8), 0), ((4, 8), (4, 7), 0), ((4, 7), (3, 7), 0), ((3, 7), (2, 7), 0), ((2, 15), (3, 15), 36), ((3, 15), (4, 15), 0), ((4, 15), (5, 15), 0), ((5, 15), (6, 15), 0), ((6, 15), (7, 15), 0), ((7, 15), (7, 14), 0), ((7, 14), (7, 13), 0), ((7, 13), (7, 12), 0), ((2, 15), (2, 14), 44), ((2, 14), (2, 13), 0), ((2, 13), (2, 12), 0), ((2, 12), (2, 11), 0), ((2, 15), (1, 15), 48), ((1, 15), (0, 15), 0)])
(25, 45, [((7, 4), (6, 4), 20), ((6, 4), (5, 4), 0), ((5, 4), (4, 4), 0), ((4, 4), (3, 4), 0), ((3, 4), (2, 4), 0), ((2, 4), (2, 5), 0), ((2, 5), (2, 6), 0), ((2, 6), (1, 6), 0), ((1, 6), (1, 5), 0), ((1, 5), (1, 4), 0), ((7, 4), (6, 4), 30), ((6, 4), (5, 4), 0), ((5, 4), (4, 4), 0), ((4, 4), (4, 3), 0), ((4, 3), (4, 2), 0), ((4, 2), (4, 1), 0), ((4, 1), (5, 1), 0), ((5, 1), (6, 1), 0), ((7, 4), (6, 4), 38), ((6, 4), (5, 4), 0), ((5, 4), (5, 5), 0), ((5, 5), (5, 6), 0), ((5, 6), (5, 7), 0), ((5, 7), (5, 8), 0), ((7, 4), (6, 4), 44), ((6, 4), (6, 5), 0), ((6, 5), (6, 6), 0), ((6, 6), (6, 7), 0), ((7, 4), (7, 3), 48), ((7, 3), (7, 2), 0)])
(25, 53, [((0, 5), (1, 5), 24), ((1, 5), (2, 5), 0), ((2, 5), (2, 6), 0), ((2, 6), (2, 7), 0), ((2, 7), (3, 7), 0), ((3, 7), (4, 7), 0), ((4, 7), (5, 7), 0), ((5, 7), (6, 7), 0), ((6, 7), (7, 7), 0), ((7, 7), (8, 7), 0), ((8, 7), (9, 7), 0), ((9, 7), (10, 7), 0), ((0, 5), (1, 5), 36), ((1, 5), (2, 5), 0), ((2, 5), (2, 4), 0), ((2, 4), (3, 4), 0), ((3, 4), (4, 4), 0), ((4, 4), (5, 4), 0), ((5, 4), (6, 4), 0), ((6, 4), (7, 4), 0), ((0, 5), (0, 6), 44), ((0, 6), (0, 7), 0), ((0, 7), (0, 8), 0), ((0, 8), (0, 9), 0), ((0, 5), (0, 4), 48), ((0, 4), (0, 3), 0)])
(25, 49, [((0, 6), (0, 7), 24), ((0, 7), (0, 8), 0), ((0, 8), (1, 8), 0), ((1, 8), (2, 8), 0), ((2, 8), (3, 8), 0), ((3, 8), (3, 9), 0), ((3, 9), (3, 10), 0), ((3, 10), (3, 11), 0), ((3, 11), (4, 11), 0), ((4, 11), (5, 11), 0), ((5, 11), (6, 11), 0), ((6, 11), (7, 11), 0), ((0, 6), (0, 7), 36), ((0, 7), (0, 8), 0), ((0, 8), (0, 9), 0), ((0, 9), (0, 10), 0), ((0, 10), (0, 11), 0), ((0, 11), (1, 11), 0), ((1, 11), (1, 12), 0), ((1, 12), (1, 13), 0), ((0, 6), (0, 5), 44), ((0, 5), (0, 4), 0), ((0, 4), (0, 3), 0), ((0, 3), (0, 2), 0), ((0, 6), (1, 6), 48), ((1, 6), (1, 7), 0)])
(25, 61, [((7, 5), (8, 5), 24), ((8, 5), (8, 4), 0), ((8, 4), (8, 3), 0), ((8, 3), (8, 2), 0), ((8, 2), (7, 2), 0), ((7, 2), (6, 2), 0), ((6, 2), (5, 2), 0), ((5, 2), (4, 2), 0), ((4, 2), (3, 2), 0), ((3, 2), (2, 2), 0), ((2, 2), (1, 2), 0), ((1, 2), (0, 2), 0), ((7, 5), (8, 5), 36), ((8, 5), (9, 5), 0), ((9, 5), (10, 5), 0), ((10, 5), (11, 5), 0), ((11, 5), (12, 5), 0), ((12, 5), (13, 5), 0), ((13, 5), (13, 4), 0), ((7, 5), (6, 5), 44), ((6, 5), (5, 5), 0), ((5, 5), (5, 6), 0), ((5, 6), (5, 7), 0), ((7, 5), (7, 6), 48), ((7, 6), (8, 6), 0)])
(25, 47, [((10, 1), (9, 1), 24), ((9, 1), (8, 1), 0), ((8, 1), (8, 2), 0), ((8, 2), (8, 3), 0), ((8, 3), (7, 3), 0), ((7, 3), (7, 4), 0), ((7, 4), (7, 5), 0), ((7, 5), (7, 6), 0), ((7, 6), (7, 7), 0), ((7, 7), (7, 8), 0), ((7, 8), (7, 9), 0), ((7, 9), (8, 9), 0), ((10, 1), (11, 1), 38), ((11, 1), (12, 1), 0), ((12, 1), (13, 1), 0), ((13, 1), (14, 1), 0), ((14, 1), (15, 1), 0), ((15, 1), (16, 1), 0), ((16, 1), (17, 1), 0), ((10, 1), (10, 0), 45), ((10, 0), (11, 0), 0), ((11, 0), (12, 0), 0), ((10, 1), (10, 2), 48), ((10, 2), (11, 2), 0)])
(25, 56, [((5, 3), (5, 4), 22), ((5, 4), (6, 4), 0), ((6, 4), (7, 4), 0), ((7, 4), (8, 4), 0), ((8, 4), (9, 4), 0), ((9, 4), (10, 4), 0), ((10, 4), (11, 4), 0), ((11, 4), (12, 4), 0), ((12, 4), (12, 3), 0), ((12, 3), (12, 2), 0), ((12, 2), (12, 1), 0), ((5, 3), (5, 4), 36), ((5, 4), (5, 5), 0), ((5, 5), (5, 6), 0), ((5, 6), (5, 7), 0), ((5, 7), (6, 7), 0), ((6, 7), (7, 7), 0), ((7, 7), (8, 7), 0), ((8, 7), (9, 7), 0), ((5, 3), (4, 3), 44), ((4, 3), (4, 2), 0), ((4, 2), (3, 2), 0), ((3, 2), (2, 2), 0), ((5, 3), (6, 3), 48), ((6, 3), (6, 2), 0)])
(24, 47, [((19, 15), (19, 14), 26), ((19, 14), (19, 13), 0), ((19, 13), (19, 12), 0), ((19, 12), (19, 11), 0), ((19, 11), (19, 10), 0), ((19, 10), (19, 9), 0), ((19, 9), (19, 8), 0), ((19, 8), (19, 7), 0), ((19, 7), (18, 7), 0), ((18, 7), (17, 7), 0), ((17, 7), (16, 7), 0), ((16, 7), (16, 8), 0), ((16, 8), (16, 9), 0), ((19, 15), (19, 14), 39), ((19, 14), (18, 14), 0), ((18, 14), (18, 13), 0), ((18, 13), (18, 12), 0), ((18, 12), (17, 12), 0), ((17, 12), (16, 12), 0), ((16, 12), (15, 12), 0), ((19, 15), (19, 16), 46), ((19, 16), (19, 17), 0), ((19, 17), (20, 17), 0), ((20, 17), (20, 16), 0)])
(25, 53, [((15, 10), (16, 10), 24), ((16, 10), (16, 9), 0), ((16, 9), (16, 8), 0), ((16, 8), (16, 7), 0), ((16, 7), (15, 7), 0), ((15, 7), (14, 7), 0), ((14, 7), (13, 7), 0), ((13, 7), (13, 6), 0), ((13, 6), (13, 5), 0), ((13, 5), (13, 4), 0), ((13, 4), (13, 3), 0), ((13, 3), (13, 2), 0), ((15, 10), (16, 10), 36), ((16, 10), (17, 10), 0), ((17, 10), (17, 11), 0), ((17, 11), (17, 12), 0), ((17, 12), (17, 13), 0), ((17, 13), (17, 14), 0), ((17, 14), (16, 14), 0), ((15, 10), (14, 10), 44), ((14, 10), (13, 10), 0), ((13, 10), (13, 11), 0), ((13, 11), (12, 11), 0), ((15, 10), (15, 9), 48), ((15, 9), (15, 8), 0)])
(23, 45, [((0, 6), (0, 7), 22), ((0, 7), (0, 8), 0), ((0, 8), (0, 9), 0), ((0, 9), (1, 9), 0), ((1, 9), (1, 10), 0), ((1, 10), (1, 11), 0), ((1, 11), (1, 12), 0), ((1, 12), (1, 13), 0), ((1, 13), (1, 14), 0), ((1, 14), (1, 15), 0), ((1, 15), (2, 15), 0), ((0, 6), (0, 7), 33), ((0, 7), (0, 8), 0), ((0, 8), (0, 9), 0), ((0, 9), (1, 9), 0), ((1, 9), (2, 9), 0), ((2, 9), (3, 9), 0), ((3, 9), (4, 9), 0), ((4, 9), (5, 9), 0), ((5, 9), (6, 9), 0), ((0, 6), (0, 5), 44), ((0, 5), (0, 4), 0), ((0, 4), (0, 3), 0), ((0, 3), (1, 3), 0), ((1, 3), (2, 3), 0), ((2, 3), (3, 3), 0)])
(25, 54, [((11, 16), (10, 16), 26), ((10, 16), (9, 16), 0), ((9, 16), (8, 16), 0), ((8, 16), (8, 15), 0), ((8, 15), (8, 14), 0), ((8, 14), (8, 13), 0), ((8, 13), (8, 12), 0), ((8, 12), (8, 11), 0), ((8, 11), (8, 10), 0), ((8, 10), (7, 10), 0), ((7, 10), (6, 10), 0), ((6, 10), (5, 10), 0), ((5, 10), (4, 10), 0), ((11, 16), (12, 16), 39), ((12, 16), (13, 16), 0), ((13, 16), (13, 15), 0), ((13, 15), (14, 15), 0), ((14, 15), (14, 16), 0), ((14, 16), (14, 17), 0), ((11, 16), (11, 17), 45), ((11, 17), (11, 18), 0), ((11, 18), (10, 18), 0), ((11, 16), (11, 15), 48), ((11, 15), (11, 14), 0)])
(25, 57, [((14, 2), (14, 3), 24), ((14, 3), (15, 3), 0), ((15, 3), (16, 3), 0), ((16, 3), (17, 3), 0), ((17, 3), (18, 3), 0), ((18, 3), (19, 3), 0), ((19, 3), (20, 3), 0), ((20, 3), (20, 4), 0), ((20, 4), (20, 5), 0), ((20, 5), (20, 6), 0), ((20, 6), (20, 7), 0), ((20, 7), (20, 8), 0), ((14, 2), (14, 3), 36), ((14, 3), (14, 4), 0), ((14, 4), (13, 4), 0), ((13, 4), (12, 4), 0), ((12, 4), (11, 4), 0), ((11, 4), (10, 4), 0), ((10, 4), (9, 4), 0), ((14, 2), (15, 2), 44), ((15, 2), (15, 1), 0), ((15, 1), (16, 1), 0), ((16, 1), (17, 1), 0), ((14, 2), (14, 1), 48), ((14, 1), (14, 0), 0)])
(22, 51, [((0, 5), (0, 4), 24), ((0, 4), (1, 4), 0), ((1, 4), (2, 4), 0), ((2, 4), (2, 5), 0), ((2, 5), (2, 6), 0), ((2, 6), (2, 7), 0), ((2, 7), (2, 8), 0), ((2, 8), (2, 9), 0), ((2, 9), (2, 10), 0), ((2, 10), (2, 11), 0), ((2, 11), (3, 11), 0), ((3, 11), (4, 11), 0), ((0, 5), (0, 4), 36), ((0, 4), (1, 4), 0), ((1, 4), (2, 4), 0), ((2, 4), (3, 4), 0), ((3, 4), (4, 4), 0), ((4, 4), (5, 4), 0), ((5, 4), (6, 4), 0), ((6, 4), (7, 4), 0), ((7, 4), (8, 4), 0), ((0, 5), (0, 4), 45), ((0, 4), (1, 4), 0), ((1, 4), (1, 3), 0), ((1, 3), (1, 2), 0), ((1, 2), (2, 2), 0)])
(25, 46, [((16, 6), (16, 5), 24), ((16, 5), (16, 4), 0), ((16, 4), (15, 4), 0), ((15, 4), (14, 4), 0), ((14, 4), (13, 4), 0), ((13, 4), (12, 4), 0), ((12, 4), (11, 4), 0), ((11, 4), (10, 4), 0), ((10, 4), (9, 4), 0), ((9, 4), (8, 4), 0), ((8, 4), (8, 3), 0), ((8, 3), (7, 3), 0), ((16, 6), (16, 5), 36), ((16, 5), (17, 5), 0), ((17, 5), (17, 4), 0), ((17, 4), (17, 3), 0), ((17, 3), (17, 2), 0), ((17, 2), (17, 1), 0), ((17, 1), (17, 0), 0), ((16, 6), (15, 6), 44), ((15, 6), (15, 7), 0), ((15, 7), (14, 7), 0), ((14, 7), (13, 7), 0), ((16, 6), (16, 7), 48), ((16, 7), (16, 8), 0)])
(25, 56, [((12, 5), (12, 6), 24), ((12, 6), (11, 6), 0), ((11, 6), (10, 6), 0), ((10, 6), (9, 6), 0), ((9, 6), (8, 6), 0), ((8, 6), (7, 6), 0), ((7, 6), (6, 6), 0), ((6, 6), (5, 6), 0), ((5, 6), (4, 6), 0), ((4, 6), (3, 6), 0), ((3, 6), (2, 6), 0), ((2, 6), (2, 7), 0), ((12, 5), (12, 6), 36), ((12, 6), (12, 7), 0), ((12, 7), (12, 8), 0), ((12, 8), (12, 9), 0), ((12, 9), (12, 10), 0), ((12, 10), (11, 10), 0), ((11, 10), (10, 10), 0), ((12, 5), (13, 5), 44), ((13, 5), (13, 6), 0), ((13, 6), (14, 6), 0), ((14, 6), (15, 6), 0), ((12, 5), (12, 4), 48), ((12, 4), (12, 3), 0)])
(25, 61, [((11, 11), (10, 11), 22), ((10, 11), (10, 10), 0), ((10, 10), (10, 9), 0), ((10, 9), (10, 8), 0), ((10, 8), (10, 7), 0), ((10, 7), (10, 6), 0), ((10, 6), (10, 5), 0), ((10, 5), (10, 4), 0), ((10, 4), (10, 3), 0), ((10, 3), (10, 2), 0), ((10, 2), (10, 1), 0), ((11, 11), (10, 11), 36), ((10, 11), (9, 11), 0), ((9, 11), (8, 11), 0), ((8, 11), (7, 11), 0), ((7, 11), (6, 11), 0), ((6, 11), (6, 12), 0), ((6, 12), (6, 13), 0), ((6, 13), (6, 14), 0), ((11, 11), (12, 11), 44), ((12, 11), (12, 12), 0), ((12, 12), (12, 13), 0), ((12, 13), (12, 14), 0), ((11, 11), (11, 10), 48), ((11, 10), (11, 9), 0)])
(25, 48, [((12, 0), (12, 1), 22), ((12, 1), (11, 1), 0), ((11, 1), (10, 1), 0), ((10, 1), (9, 1), 0), ((9, 1), (8, 1), 0), ((8, 1), (7, 1), 0), ((7, 1), (7, 2), 0), ((7, 2), (7, 3), 0), ((7, 3), (7, 4), 0), ((7, 4), (7, 5), 0), ((7, 5), (7, 6), 0), ((12, 0), (12, 1), 36), ((12, 1), (12, 2), 0), ((12, 2), (12, 3), 0), ((12, 3), (12, 4), 0), ((12, 4), (12, 5), 0), ((12, 5), (12, 6), 0), ((12, 6), (11, 6), 0), ((11, 6), (10, 6), 0), ((12, 0), (11, 0), 44), ((11, 0), (10, 0), 0), ((10, 0), (9, 0), 0), ((9, 0), (8, 0), 0), ((12, 0), (13, 0), 48), ((13, 0), (14, 0), 0)])
(25, 45, [((14, 1), (13, 1), 22), ((13, 1), (12, 1), 0), ((12, 1), (11, 1), 0), ((11, 1), (10, 1), 0), ((10, 1), (9, 1), 0), ((9, 1), (8, 1), 0), ((8, 1), (7, 1), 0), ((7, 1), (7, 0), 0), ((7, 0), (6, 0), 0), ((6, 0), (6, 1), 0), ((6, 1), (6, 2), 0), ((14, 1), (13, 1), 34), ((13, 1), (12, 1), 0), ((12, 1), (12, 2), 0), ((12, 2), (11, 2), 0), ((11, 2), (11, 3), 0), ((11, 3), (11, 4), 0), ((11, 4), (11, 5), 0), ((11, 5), (11, 6), 0), ((14, 1), (15, 1), 42), ((15, 1), (16, 1), 0), ((16, 1), (16, 2), 0), ((16, 2), (16, 3), 0), ((14, 1), (15, 1), 46), ((15, 1), (15, 0), 0), ((15, 0), (16, 0), 0), ((14, 1), (14, 0), 49)])
(25, 48, [((6, 2), (6, 3), 20), ((6, 3), (6, 4), 0), ((6, 4), (7, 4), 0), ((7, 4), (8, 4), 0), ((8, 4), (9, 4), 0), ((9, 4), (10, 4), 0), ((10, 4), (11, 4), 0), ((11, 4), (12, 4), 0), ((12, 4), (13, 4), 0), ((13, 4), (14, 4), 0), ((6, 2), (6, 3), 32), ((6, 3), (6, 4), 0), ((6, 4), (5, 4), 0), ((5, 4), (5, 5), 0), ((5, 5), (5, 6), 0), ((5, 6), (5, 7), 0), ((5, 7), (6, 7), 0), ((6, 7), (7, 7), 0), ((6, 2), (6, 3), 40), ((6, 3), (5, 3), 0), ((5, 3), (4, 3), 0), ((4, 3), (4, 2), 0), ((4, 2), (4, 1), 0), ((6, 2), (6, 3), 45), ((6, 3), (7, 3), 0), ((7, 3), (8, 3), 0), ((6, 2), (7, 2), 48), ((7, 2), (7, 1), 0)])
(24, 42, [((14, 0), (13, 0), 24), ((13, 0), (12, 0), 0), ((12, 0), (11, 0), 0), ((11, 0), (10, 0), 0), ((10, 0), (10, 1), 0), ((10, 1), (9, 1), 0), ((9, 1), (8, 1), 0), ((8, 1), (7, 1), 0), ((7, 1), (6, 1), 0), ((6, 1), (5, 1), 0), ((5, 1), (4, 1), 0), ((4, 1), (4, 0), 0), ((14, 0), (13, 0), 38), ((13, 0), (13, 1), 0), ((13, 1), (12, 1), 0), ((12, 1), (11, 1), 0), ((11, 1), (11, 2), 0), ((11, 2), (11, 3), 0), ((11, 3), (11, 4), 0), ((11, 4), (11, 5), 0), ((14, 0), (15, 0), 46), ((15, 0), (15, 1), 0), ((15, 1), (16, 1), 0), ((16, 1), (17, 1), 0)])
(25, 49, [((17, 7), (16, 7), 20), ((16, 7), (16, 6), 0), ((16, 6), (16, 5), 0), ((16, 5), (16, 4), 0), ((16, 4), (15, 4), 0), ((15, 4), (14, 4), 0), ((14, 4), (13, 4), 0), ((13, 4), (12, 4), 0), ((12, 4), (12, 3), 0), ((12, 3), (12, 2), 0), ((17, 7), (16, 7), 32), ((16, 7), (16, 8), 0), ((16, 8), (16, 9), 0), ((16, 9), (16, 10), 0), ((16, 10), (16, 11), 0), ((16, 11), (16, 12), 0), ((16, 12), (16, 13), 0), ((17, 7), (16, 7), 39), ((16, 7), (16, 8), 0), ((16, 8), (15, 8), 0), ((15, 8), (15, 9), 0), ((15, 9), (15, 10), 0), ((17, 7), (16, 7), 44), ((16, 7), (15, 7), 0), ((15, 7), (14, 7), 0), ((14, 7), (13, 7), 0), ((17, 7), (18, 7), 48), ((18, 7), (18, 6), 0)])
(25, 50, [((10, 0), (10, 1), 20), ((10, 1), (10, 2), 0), ((10, 2), (10, 3), 0), ((10, 3), (10, 4), 0), ((10, 4), (10, 5), 0), ((10, 5), (10, 6), 0), ((10, 6), (10, 7), 0), ((10, 7), (10, 8), 0), ((10, 8), (10, 9), 0), ((10, 9), (9, 9), 0), ((10, 0), (10, 1), 32), ((10, 1), (10, 2), 0), ((10, 2), (10, 3), 0), ((10, 3), (9, 3), 0), ((9, 3), (8, 3), 0), ((8, 3), (7, 3), 0), ((7, 3), (6, 3), 0), ((6, 3), (6, 4), 0), ((6, 4), (6, 5), 0), ((10, 0), (11, 0), 41), ((11, 0), (12, 0), 0), ((12, 0), (13, 0), 0), ((13, 0), (13, 1), 0), ((10, 0), (11, 0), 45), ((11, 0), (11, 1), 0), ((11, 1), (12, 1), 0), ((10, 0), (9, 0), 48), ((9, 0), (9, 1), 0)])
(25, 46, [((15, 17), (15, 16), 22), ((15, 16), (14, 16), 0), ((14, 16), (13, 16), 0), ((13, 16), (12, 16), 0), ((12, 16), (12, 15), 0), ((12, 15), (12, 14), 0), ((12, 14), (12, 13), 0), ((12, 13), (12, 12), 0), ((12, 12), (12, 11), 0), ((12, 11), (12, 10), 0), ((12, 10), (12, 9), 0), ((15, 17), (15, 16), 33), ((15, 16), (15, 15), 0), ((15, 15), (16, 15), 0), ((16, 15), (17, 15), 0), ((17, 15), (18, 15), 0), ((18, 15), (18, 14), 0), ((15, 17), (15, 16), 39), ((15, 16), (15, 15), 0), ((15, 15), (15, 14), 0), ((15, 14), (15, 13), 0), ((15, 13), (16, 13), 0), ((15, 17), (15, 16), 44), ((15, 16), (16, 16), 0), ((16, 16), (17, 16), 0), ((17, 16), (18, 16), 0), ((15, 17), (16, 17), 48), ((16, 17), (17, 17), 0)])
(24, 54, [((6, 19), (6, 18), 26), ((6, 18), (7, 18), 0), ((7, 18), (8, 18), 0), ((8, 18), (8, 19), 0), ((8, 19), (9, 19), 0), ((9, 19), (10, 19), 0), ((10, 19), (11, 19), 0), ((11, 19), (12, 19), 0), ((12, 19), (13, 19), 0), ((13, 19), (14, 19), 0), ((14, 19), (15, 19), 0), ((15, 19), (16, 19), 0), ((16, 19), (17, 19), 0), ((6, 19), (6, 18), 39), ((6, 18), (6, 17), 0), ((6, 17), (7, 17), 0), ((7, 17), (8, 17), 0), ((8, 17), (8, 16), 0), ((8, 16), (8, 15), 0), ((8, 15), (8, 14), 0), ((6, 19), (5, 19), 46), ((5, 19), (4, 19), 0), ((4, 19), (3, 19), 0), ((3, 19), (3, 18), 0)])
(25, 51, [((3, 1), (3, 2), 22), ((3, 2), (4, 2), 0), ((4, 2), (4, 3), 0), ((4, 3), (4, 4), 0), ((4, 4), (4, 5), 0), ((4, 5), (3, 5), 0), ((3, 5), (2, 5), 0), ((2, 5), (2, 6), 0), ((2, 6), (2, 7), 0), ((2, 7), (2, 8), 0), ((2, 8), (2, 9), 0), ((3, 1), (3, 2), 33), ((3, 2), (4, 2), 0), ((4, 2), (4, 3), 0), ((4, 3), (4, 4), 0), ((4, 4), (5, 4), 0), ((5, 4), (6, 4), 0), ((6, 4), (7, 4), 0), ((7, 4), (8, 4), 0), ((8, 4), (9, 4), 0), ((3, 1), (3, 0), 42), ((3, 0), (2, 0), 0), ((2, 0), (1, 0), 0), ((1, 0), (1, 1), 0), ((1, 1), (1, 2), 0), ((3, 1), (4, 1), 47), ((4, 1), (5, 1), 0), ((3, 1), (2, 1), 49)])
(23, 44, [((9, 2), (10, 2), 22), ((10, 2), (10, 3), 0), ((10, 3), (10, 4), 0), ((10, 4), (9, 4), 0), ((9, 4), (8, 4), 0), ((8, 4), (7, 4), 0), ((7, 4), (6, 4), 0), ((6, 4), (6, 3), 0), ((6, 3), (6, 2), 0), ((6, 2), (6, 1), 0), ((6, 1), (5, 1), 0), ((9, 2), (10, 2), 33), ((10, 2), (10, 3), 0), ((10, 3), (10, 4), 0), ((10, 4), (9, 4), 0), ((9, 4), (8, 4), 0), ((8, 4), (8, 5), 0), ((8, 5), (8, 6), 0), ((8, 6), (8, 7), 0), ((8, 7), (8, 8), 0), ((8, 8), (8, 9), 0), ((9, 2), (9, 1), 44), ((9, 1), (9, 0), 0), ((9, 0), (10, 0), 0), ((10, 0), (11, 0), 0), ((11, 0), (12, 0), 0), ((12, 0), (13, 0), 0)])
(24, 42, [((2, 1), (3, 1), 20), ((3, 1), (3, 2), 0), ((3, 2), (3, 3), 0), ((3, 3), (3, 4), 0), ((3, 4), (3, 5), 0), ((3, 5), (3, 6), 0), ((3, 6), (4, 6), 0), ((4, 6), (5, 6), 0), ((5, 6), (6, 6), 0), ((6, 6), (6, 5), 0), ((2, 1), (3, 1), 30), ((3, 1), (3, 2), 0), ((3, 2), (3, 3), 0), ((3, 3), (3, 4), 0), ((3, 4), (2, 4), 0), ((2, 4), (1, 4), 0), ((1, 4), (1, 5), 0), ((1, 5), (1, 6), 0), ((1, 6), (2, 6), 0), ((2, 1), (3, 1), 39), ((3, 1), (3, 2), 0), ((3, 2), (3, 3), 0), ((3, 3), (4, 3), 0), ((4, 3), (5, 3), 0), ((5, 3), (5, 2), 0), ((5, 2), (5, 1), 0), ((2, 1), (2, 0), 46), ((2, 0), (1, 0), 0), ((1, 0), (1, 1), 0), ((1, 1), (1, 2), 0)])
(24, 53, [((6, 20), (7, 20), 22), ((7, 20), (8, 20), 0), ((8, 20), (8, 19), 0), ((8, 19), (8, 18), 0), ((8, 18), (8, 17), 0), ((8, 17), (8, 16), 0), ((8, 16), (9, 16), 0), ((9, 16), (10, 16), 0), ((10, 16), (11, 16), 0), ((11, 16), (12, 16), 0), ((12, 16), (13, 16), 0), ((6, 20), (7, 20), 34), ((7, 20), (8, 20), 0), ((8, 20), (8, 19), 0), ((8, 19), (9, 19), 0), ((9, 19), (10, 19), 0), ((10, 19), (11, 19), 0), ((11, 19), (12, 19), 0), ((12, 19), (13, 19), 0), ((13, 19), (13, 20), 0), ((6, 20), (5, 20), 43), ((5, 20), (5, 19), 0), ((5, 19), (5, 18), 0), ((5, 18), (5, 17), 0), ((6, 20), (5, 20), 47), ((5, 20), (4, 20), 0), ((4, 20), (3, 20), 0)])
(25, 57, [((2, 3), (2, 4), 24), ((2, 4), (2, 5), 0), ((2, 5), (2, 6), 0), ((2, 6), (2, 7), 0), ((2, 7), (2, 8), 0), ((2, 8), (2, 9), 0), ((2, 9), (2, 10), 0), ((2, 10), (2, 11), 0), ((2, 11), (2, 12), 0), ((2, 12), (2, 13), 0), ((2, 13), (2, 14), 0), ((2, 14), (2, 15), 0), ((2, 3), (2, 4), 36), ((2, 4), (2, 5), 0), ((2, 5), (3, 5), 0), ((3, 5), (4, 5), 0), ((4, 5), (5, 5), 0), ((5, 5), (6, 5), 0), ((6, 5), (7, 5), 0), ((7, 5), (8, 5), 0), ((2, 3), (3, 3), 44), ((3, 3), (4, 3), 0), ((4, 3), (5, 3), 0), ((5, 3), (6, 3), 0), ((2, 3), (2, 2), 48), ((2, 2), (2, 1), 0)])
(25, 41, [((20, 5), (20, 6), 24), ((20, 6), (20, 7), 0), ((20, 7), (20, 8), 0), ((20, 8), (20, 9), 0), ((20, 9), (20, 10), 0), ((20, 10), (19, 10), 0), ((19, 10), (18, 10), 0), ((18, 10), (18, 11), 0), ((18, 11), (18, 12), 0), ((18, 12), (18, 13), 0), ((18, 13), (17, 13), 0), ((17, 13), (17, 12), 0), ((20, 5), (20, 6), 36), ((20, 6), (20, 7), 0), ((20, 7), (19, 7), 0), ((19, 7), (18, 7), 0), ((18, 7), (18, 8), 0), ((18, 8), (17, 8), 0), ((17, 8), (16, 8), 0), ((16, 8), (15, 8), 0), ((20, 5), (19, 5), 44), ((19, 5), (19, 6), 0), ((19, 6), (18, 6), 0), ((18, 6), (17, 6), 0), ((20, 5), (20, 4), 48), ((20, 4), (20, 3), 0)])
(25, 53, [((5, 8), (6, 8), 24), ((6, 8), (6, 9), 0), ((6, 9), (6, 10), 0), ((6, 10), (7, 10), 0), ((7, 10), (8, 10), 0), ((8, 10), (9, 10), 0), ((9, 10), (10, 10), 0), ((10, 10), (11, 10), 0), ((11, 10), (12, 10), 0), ((12, 10), (12, 9), 0), ((12, 9), (12, 8), 0), ((12, 8), (12, 7), 0), ((5, 8), (4, 8), 36), ((4, 8), (3, 8), 0), ((3, 8), (3, 7), 0), ((3, 7), (3, 6), 0), ((3, 6), (3, 5), 0), ((3, 5), (2, 5), 0), ((5, 8), (6, 8), 42), ((6, 8), (6, 7), 0), ((6, 7), (6, 6), 0), ((6, 6), (7, 6), 0), ((5, 8), (4, 8), 46), ((4, 8), (4, 9), 0), ((4, 9), (3, 9), 0), ((5, 8), (5, 7), 49)])
(24, 52, [((17, 18), (16, 18), 24), ((16, 18), (15, 18), 0), ((15, 18), (14, 18), 0), ((14, 18), (13, 18), 0), ((13, 18), (13, 17), 0), ((13, 17), (13, 16), 0), ((13, 16), (12, 16), 0), ((12, 16), (11, 16), 0), ((11, 16), (11, 15), 0), ((11, 15), (11, 14), 0), ((11, 14), (11, 13), 0), ((11, 13), (11, 12), 0), ((17, 18), (18, 18), 36), ((18, 18), (18, 17), 0), ((18, 17), (18, 16), 0), ((18, 16), (18, 15), 0), ((18, 15), (18, 14), 0), ((18, 14), (18, 13), 0), ((17, 18), (16, 18), 42), ((16, 18), (15, 18), 0), ((15, 18), (15, 17), 0), ((15, 17), (15, 16), 0), ((15, 16), (14, 16), 0), ((17, 18), (18, 18), 47), ((18, 18), (19, 18), 0), ((19, 18), (19, 17), 0)])
(24, 39, [((18, 2), (17, 2), 20), ((17, 2), (16, 2), 0), ((16, 2), (15, 2), 0), ((15, 2), (15, 3), 0), ((15, 3), (14, 3), 0), ((14, 3), (13, 3), 0), ((13, 3), (13, 4), 0), ((13, 4), (12, 4), 0), ((12, 4), (12, 5), 0), ((12, 5), (12, 6), 0), ((18, 2), (17, 2), 30), ((17, 2), (16, 2), 0), ((16, 2), (15, 2), 0), ((15, 2), (15, 3), 0), ((15, 3), (15, 4), 0), ((15, 4), (15, 5), 0), ((15, 5), (15, 6), 0), ((15, 6), (14, 6), 0), ((14, 6), (14, 7), 0), ((18, 2), (17, 2), 40), ((17, 2), (16, 2), 0), ((16, 2), (16, 1), 0), ((16, 1), (16, 0), 0), ((16, 0), (15, 0), 0), ((15, 0), (14, 0), 0), ((14, 0), (13, 0), 0), ((18, 2), (18, 1), 47), ((18, 1), (18, 0), 0), ((18, 2), (18, 3), 49)])
(25, 53, [((2, 3), (3, 3), 22), ((3, 3), (3, 4), 0), ((3, 4), (4, 4), 0), ((4, 4), (5, 4), 0), ((5, 4), (6, 4), 0), ((6, 4), (7, 4), 0), ((7, 4), (8, 4), 0), ((8, 4), (9, 4), 0), ((9, 4), (10, 4), 0), ((10, 4), (11, 4), 0), ((11, 4), (11, 5), 0), ((2, 3), (3, 3), 34), ((3, 3), (3, 4), 0), ((3, 4), (3, 5), 0), ((3, 5), (3, 6), 0), ((3, 6), (3, 7), 0), ((3, 7), (2, 7), 0), ((2, 7), (1, 7), 0), ((1, 7), (1, 8), 0), ((2, 3), (3, 3), 42), ((3, 3), (4, 3), 0), ((4, 3), (4, 2), 0), ((4, 2), (4, 1), 0), ((4, 1), (4, 0), 0), ((2, 3), (2, 2), 47), ((2, 2), (2, 1), 0), ((2, 3), (2, 4), 49)])
(23, 35, [((16, 0), (16, 1), 22), ((16, 1), (16, 2), 0), ((16, 2), (15, 2), 0), ((15, 2), (14, 2), 0), ((14, 2), (13, 2), 0), ((13, 2), (12, 2), 0), ((12, 2), (11, 2), 0), ((11, 2), (11, 3), 0), ((11, 3), (11, 4), 0), ((11, 4), (10, 4), 0), ((10, 4), (9, 4), 0), ((16, 0), (16, 1), 33), ((16, 1), (16, 2), 0), ((16, 2), (15, 2), 0), ((15, 2), (14, 2), 0), ((14, 2), (13, 2), 0), ((13, 2), (13, 3), 0), ((13, 3), (13, 4), 0), ((13, 4), (13, 5), 0), ((13, 5), (13, 6), 0), ((13, 6), (12, 6), 0), ((16, 0), (17, 0), 43), ((17, 0), (17, 1), 0), ((17, 1), (17, 2), 0), ((17, 2), (17, 3), 0), ((17, 3), (17, 4), 0), ((16, 0), (15, 0), 48)])
(25, 60, [((13, 9), (13, 8), 22), ((13, 8), (13, 7), 0), ((13, 7), (13, 6), 0), ((13, 6), (13, 5), 0), ((13, 5), (13, 4), 0), ((13, 4), (12, 4), 0), ((12, 4), (11, 4), 0), ((11, 4), (10, 4), 0), ((10, 4), (9, 4), 0), ((9, 4), (8, 4), 0), ((8, 4), (7, 4), 0), ((13, 9), (13, 8), 36), ((13, 8), (12, 8), 0), ((12, 8), (11, 8), 0), ((11, 8), (10, 8), 0), ((10, 8), (9, 8), 0), ((9, 8), (8, 8), 0), ((8, 8), (8, 9), 0), ((8, 9), (8, 10), 0), ((13, 9), (12, 9), 44), ((12, 9), (12, 10), 0), ((12, 10), (12, 11), 0), ((12, 11), (12, 12), 0), ((13, 9), (14, 9), 48), ((14, 9), (15, 9), 0)])
(25, 59, [((18, 15), (19, 15), 24), ((19, 15), (19, 14), 0), ((19, 14), (19, 13), 0), ((19, 13), (19, 12), 0), ((19, 12), (18, 12), 0), ((18, 12), (17, 12), 0), ((17, 12), (16, 12), 0), ((16, 12), (15, 12), 0), ((15, 12), (14, 12), 0), ((14, 12), (13, 12), 0), ((13, 12), (12, 12), 0), ((12, 12), (11, 12), 0), ((18, 15), (17, 15), 36), ((17, 15), (16, 15), 0), ((16, 15), (15, 15), 0), ((15, 15), (14, 15), 0), ((14, 15), (13, 15), 0), ((13, 15), (13, 16), 0), ((18, 15), (19, 15), 42), ((19, 15), (19, 16), 0), ((19, 16), (19, 17), 0), ((19, 17), (19, 18), 0), ((18, 15), (17, 15), 46), ((17, 15), (17, 16), 0), ((17, 16), (17, 17), 0), ((18, 15), (18, 16), 49)])
(24, 50, [((0, 15), (0, 14), 26), ((0, 14), (1, 14), 0), ((1, 14), (2, 14), 0), ((2, 14), (3, 14), 0), ((3, 14), (4, 14), 0), ((4, 14), (5, 14), 0), ((5, 14), (5, 13), 0), ((5, 13), (5, 12), 0), ((5, 12), (5, 11), 0), ((5, 11), (5, 10), 0), ((5, 10), (5, 9), 0), ((5, 9), (6, 9), 0), ((6, 9), (7, 9), 0), ((0, 15), (0, 14), 39), ((0, 14), (0, 13), 0), ((0, 13), (0, 12), 0), ((0, 12), (0, 11), 0), ((0, 11), (0, 10), 0), ((0, 10), (1, 10), 0), ((1, 10), (2, 10), 0), ((0, 15), (1, 15), 46), ((1, 15), (1, 16), 0), ((1, 16), (1, 17), 0), ((1, 17), (2, 17), 0)])
(25, 51, [((11, 5), (12, 5), 24), ((12, 5), (12, 4), 0), ((12, 4), (12, 3), 0), ((12, 3), (12, 2), 0), ((12, 2), (12, 1), 0), ((12, 1), (13, 1), 0), ((13, 1), (14, 1), 0), ((14, 1), (15, 1), 0), ((15, 1), (15, 2), 0), ((15, 2), (15, 3), 0), ((15, 3), (15, 4), 0), ((15, 4), (15, 5), 0), ((11, 5), (12, 5), 36), ((12, 5), (12, 6), 0), ((12, 6), (12, 7), 0), ((12, 7), (13, 7), 0), ((13, 7), (13, 8), 0), ((13, 8), (13, 9), 0), ((13, 9), (13, 10), 0), ((11, 5), (11, 4), 44), ((11, 4), (11, 3), 0), ((11, 3), (10, 3), 0), ((10, 3), (9, 3), 0), ((11, 5), (11, 6), 48), ((11, 6), (11, 7), 0)])
(25, 53, [((13, 6), (13, 7), 22), ((13, 7), (12, 7), 0), ((12, 7), (11, 7), 0), ((11, 7), (11, 6), 0), ((11, 6), (11, 5), 0), ((11, 5), (11, 4), 0), ((11, 4), (11, 3), 0), ((11, 3), (11, 2), 0), ((11, 2), (11, 1), 0), ((11, 1), (12, 1), 0), ((12, 1), (13, 1), 0), ((13, 6), (13, 7), 34), ((13, 7), (13, 8), 0), ((13, 8), (14, 8), 0), ((14, 8), (14, 9), 0), ((14, 9), (14, 10), 0), ((14, 10), (14, 11), 0), ((14, 11), (14, 12), 0), ((13, 6), (14, 6), 42), ((14, 6), (14, 5), 0), ((14, 5), (14, 4), 0), ((14, 4), (14, 3), 0), ((13, 6), (14, 6), 46), ((14, 6), (15, 6), 0), ((15, 6), (15, 7), 0), ((13, 6), (12, 6), 49)])
(25, 44, [((2, 4), (1, 4), 22), ((1, 4), (1, 5), 0), ((1, 5), (1, 6), 0), ((1, 6), (1, 7), 0), ((1, 7), (2, 7), 0), ((2, 7), (3, 7), 0), ((3, 7), (4, 7), 0), ((4, 7), (5, 7), 0), ((5, 7), (5, 8), 0), ((5, 8), (5, 9), 0), ((5, 9), (5, 10), 0), ((2, 4), (1, 4), 33), ((1, 4), (1, 3), 0), ((1, 3), (1, 2), 0), ((1, 2), (2, 2), 0), ((2, 2), (3, 2), 0), ((3, 2), (3, 1), 0), ((2, 4), (1, 4), 39), ((1, 4), (1, 5), 0), ((1, 5), (0, 5), 0), ((0, 5), (0, 6), 0), ((0, 6), (0, 7), 0), ((2, 4), (1, 4), 44), ((1, 4), (0, 4), 0), ((0, 4), (0, 3), 0), ((0, 3), (0, 2), 0), ((2, 4), (3, 4), 48), ((3, 4), (3, 5), 0)])
(24, 51, [((19, 17), (19, 16), 26), ((19, 16), (20, 16), 0), ((20, 16), (20, 15), 0), ((20, 15), (20, 14), 0), ((20, 14), (20, 13), 0), ((20, 13), (20, 12), 0), ((20, 12), (20, 11), 0), ((20, 11), (20, 10), 0), ((20, 10), (19, 10), 0), ((19, 10), (18, 10), 0), ((18, 10), (17, 10), 0), ((17, 10), (16, 10), 0), ((16, 10), (15, 10), 0), ((19, 17), (19, 16), 39), ((19, 16), (19, 15), 0), ((19, 15), (18, 15), 0), ((18, 15), (17, 15), 0), ((17, 15), (17, 14), 0), ((17, 14), (17, 13), 0), ((17, 13), (17, 12), 0), ((19, 17), (20, 17), 46), ((20, 17), (20, 18), 0), ((20, 18), (20, 19), 0), ((20, 19), (20, 20), 0)])
(25, 38, [((3, 15), (4, 15), 18), ((4, 15), (4, 14), 0), ((4, 14), (4, 13), 0), ((4, 13), (4, 12), 0), ((4, 12), (4, 11), 0), ((4, 11), (4, 10), 0), ((4, 10), (4, 9), 0), ((4, 9), (3, 9), 0), ((3, 9), (3, 10), 0), ((3, 15), (4, 15), 27), ((4, 15), (4, 14), 0), ((4, 14), (4, 13), 0), ((4, 13), (4, 12), 0), ((4, 12), (5, 12), 0), ((5, 12), (6, 12), 0), ((6, 12), (6, 11), 0), ((6, 11), (6, 10), 0), ((3, 15), (4, 15), 35), ((4, 15), (4, 14), 0), ((4, 14), (4, 13), 0), ((4, 13), (3, 13), 0), ((3, 13), (3, 12), 0), ((3, 12), (2, 12), 0), ((2, 12), (1, 12), 0), ((3, 15), (3, 16), 42), ((3, 16), (3, 17), 0), ((3, 17), (4, 17), 0), ((4, 17), (5, 17), 0), ((3, 15), (4, 15), 46), ((4, 15), (5, 15), 0), ((5, 15), (5, 14), 0), ((3, 15), (2, 15), 49)])
(24, 53, [((8, 7), (9, 7), 24), ((9, 7), (9, 6), 0), ((9, 6), (9, 5), 0), ((9, 5), (10, 5), 0), ((10, 5), (11, 5), 0), ((11, 5), (11, 4), 0), ((11, 4), (11, 3), 0), ((11, 3), (11, 2), 0), ((11, 2), (10, 2), 0), ((10, 2), (9, 2), 0), ((9, 2), (8, 2), 0), ((8, 2), (7, 2), 0), ((8, 7), (9, 7), 38), ((9, 7), (9, 8), 0), ((9, 8), (9, 9), 0), ((9, 9), (9, 10), 0), ((9, 10), (9, 11), 0), ((9, 11), (9, 12), 0), ((9, 12), (8, 12), 0), ((8, 12), (7, 12), 0), ((8, 7), (8, 8), 46), ((8, 8), (7, 8), 0), ((7, 8), (6, 8), 0), ((6, 8), (6, 7), 0)])
(25, 43, [((1, 4), (2, 4), 24), ((2, 4), (2, 3), 0), ((2, 3), (3, 3), 0), ((3, 3), (4, 3), 0), ((4, 3), (5, 3), 0), ((5, 3), (6, 3), 0), ((6, 3), (7, 3), 0), ((7, 3), (8, 3), 0), ((8, 3), (9, 3), 0), ((9, 3), (10, 3), 0), ((10, 3), (10, 4), 0), ((10, 4), (10, 5), 0), ((1, 4), (1, 5), 36), ((1, 5), (2, 5), 0), ((2, 5), (2, 6), 0), ((2, 6), (2, 7), 0), ((2, 7), (2, 8), 0), ((2, 8), (2, 9), 0), ((1, 4), (2, 4), 42), ((2, 4), (3, 4), 0), ((3, 4), (3, 5), 0), ((3, 5), (4, 5), 0), ((1, 4), (1, 5), 46), ((1, 5), (0, 5), 0), ((0, 5), (0, 6), 0), ((1, 4), (0, 4), 49)])
(25, 46, [((2, 4), (3, 4), 20), ((3, 4), (4, 4), 0), ((4, 4), (4, 5), 0), ((4, 5), (5, 5), 0), ((5, 5), (6, 5), 0), ((6, 5), (7, 5), 0), ((7, 5), (8, 5), 0), ((8, 5), (9, 5), 0), ((9, 5), (9, 4), 0), ((9, 4), (9, 3), 0), ((2, 4), (3, 4), 30), ((3, 4), (4, 4), 0), ((4, 4), (4, 5), 0), ((4, 5), (4, 6), 0), ((4, 6), (4, 7), 0), ((4, 7), (5, 7), 0), ((5, 7), (6, 7), 0), ((6, 7), (7, 7), 0), ((2, 4), (3, 4), 38), ((3, 4), (4, 4), 0), ((4, 4), (5, 4), 0), ((5, 4), (5, 3), 0), ((5, 3), (5, 2), 0), ((5, 2), (4, 2), 0), ((2, 4), (3, 4), 44), ((3, 4), (3, 5), 0), ((3, 5), (3, 6), 0), ((3, 6), (2, 6), 0), ((2, 4), (1, 4), 48), ((1, 4), (0, 4), 0)])
(23, 40, [((0, 3), (0, 4), 24), ((0, 4), (1, 4), 0), ((1, 4), (2, 4), 0), ((2, 4), (2, 3), 0), ((2, 3), (2, 2), 0), ((2, 2), (3, 2), 0), ((3, 2), (4, 2), 0), ((4, 2), (5, 2), 0), ((5, 2), (6, 2), 0), ((6, 2), (7, 2), 0), ((7, 2), (8, 2), 0), ((8, 2), (9, 2), 0), ((0, 3), (0, 4), 36), ((0, 4), (0, 5), 0), ((0, 5), (1, 5), 0), ((1, 5), (1, 6), 0), ((1, 6), (1, 7), 0), ((1, 7), (1, 8), 0), ((1, 8), (1, 9), 0), ((0, 3), (0, 4), 43), ((0, 4), (1, 4), 0), ((1, 4), (2, 4), 0), ((2, 4), (3, 4), 0), ((3, 4), (3, 3), 0), ((3, 3), (4, 3), 0), ((0, 3), (0, 2), 49)])
(24, 55, [((15, 12), (15, 13), 24), ((15, 13), (16, 13), 0), ((16, 13), (17, 13), 0), ((17, 13), (17, 12), 0), ((17, 12), (17, 11), 0), ((17, 11), (17, 10), 0), ((17, 10), (17, 9), 0), ((17, 9), (16, 9), 0), ((16, 9), (15, 9), 0), ((15, 9), (14, 9), 0), ((14, 9), (13, 9), 0), ((13, 9), (12, 9), 0), ((15, 12), (15, 13), 38), ((15, 13), (14, 13), 0), ((14, 13), (14, 14), 0), ((14, 14), (14, 15), 0), ((14, 15), (13, 15), 0), ((13, 15), (12, 15), 0), ((12, 15), (11, 15), 0), ((11, 15), (10, 15), 0), ((15, 12), (14, 12), 46), ((14, 12), (13, 12), 0), ((13, 12), (12, 12), 0), ((12, 12), (11, 12), 0)])
(25, 50, [((20, 9), (19, 9), 22), ((19, 9), (18, 9), 0), ((18, 9), (18, 10), 0), ((18, 10), (18, 11), 0), ((18, 11), (18, 12), 0), ((18, 12), (18, 13), 0), ((18, 13), (18, 14), 0), ((18, 14), (18, 15), 0), ((18, 15), (17, 15), 0), ((17, 15), (16, 15), 0), ((16, 15), (15, 15), 0), ((20, 9), (19, 9), 34), ((19, 9), (18, 9), 0), ((18, 9), (18, 8), 0), ((18, 8), (17, 8), 0), ((17, 8), (16, 8), 0), ((16, 8), (15, 8), 0), ((15, 8), (15, 7), 0), ((15, 7), (15, 6), 0), ((20, 9), (20, 8), 42), ((20, 8), (20, 7), 0), ((20, 7), (20, 6), 0), ((20, 6), (20, 5), 0), ((20, 9), (20, 8), 46), ((20, 8), (21, 8), 0), ((21, 8), (21, 7), 0), ((20, 9), (20, 10), 49)])
(25, 54, [((13, 14), (13, 13), 24), ((13, 13), (12, 13), 0), ((12, 13), (11, 13), 0), ((11, 13), (10, 13), 0), ((10, 13), (9, 13), 0), ((9, 13), (8, 13), 0), ((8, 13), (7, 13), 0), ((7, 13), (6, 13), 0), ((6, 13), (6, 12), 0), ((6, 12), (6, 11), 0), ((6, 11), (6, 10), 0), ((6, 10), (6, 9), 0), ((13, 14), (13, 13), 36), ((13, 13), (13, 12), 0), ((13, 12), (13, 11), 0), ((13, 11), (13, 10), 0), ((13, 10), (12, 10), 0), ((12, 10), (11, 10), 0), ((11, 10), (10, 10), 0), ((13, 14), (14, 14), 44), ((14, 14), (15, 14), 0), ((15, 14), (16, 14), 0), ((16, 14), (17, 14), 0), ((13, 14), (12, 14), 48), ((12, 14), (11, 14), 0)])
(24, 38, [((8, 18), (7, 18), 20), ((7, 18), (6, 18), 0), ((6, 18), (6, 17), 0), ((6, 17), (6, 16), 0), ((6, 16), (6, 15), 0), ((6, 15), (6, 14), 0), ((6, 14), (5, 14), 0), ((5, 14), (5, 13), 0), ((5, 13), (5, 12), 0), ((5, 12), (6, 12), 0), ((8, 18), (7, 18), 30), ((7, 18), (6, 18), 0), ((6, 18), (6, 17), 0), ((6, 17), (6, 16), 0), ((6, 16), (7, 16), 0), ((7, 16), (7, 15), 0), ((7, 15), (7, 14), 0), ((7, 14), (7, 13), 0), ((7, 13), (8, 13), 0), ((8, 18), (7, 18), 39), ((7, 18), (6, 18), 0), ((6, 18), (6, 17), 0), ((6, 17), (5, 17), 0), ((5, 17), (4, 17), 0), ((4, 17), (4, 16), 0), ((4, 16), (3, 16), 0), ((8, 18), (8, 17), 46), ((8, 17), (9, 17), 0), ((9, 17), (9, 18), 0), ((9, 18), (10, 18), 0)])
(25, 53, [((5, 8), (6, 8), 24), ((6, 8), (7, 8), 0), ((7, 8), (8, 8), 0), ((8, 8), (8, 9), 0), ((8, 9), (8, 10), 0), ((8, 10), (9, 10), 0), ((9, 10), (10, 10), 0), ((10, 10), (11, 10), 0), ((11, 10), (12, 10), 0), ((12, 10), (13, 10), 0), ((13, 10), (14, 10), 0), ((14, 10), (15, 10), 0), ((5, 8), (6, 8), 36), ((6, 8), (6, 9), 0), ((6, 9), (6, 10), 0), ((6, 10), (5, 10), 0), ((5, 10), (4, 10), 0), ((4, 10), (3, 10), 0), ((3, 10), (2, 10), 0), ((5, 8), (5, 7), 44), ((5, 7), (5, 6), 0), ((5, 6), (6, 6), 0), ((6, 6), (6, 5), 0), ((5, 8), (4, 8), 48), ((4, 8), (4, 7), 0)])
(25, 51, [((5, 15), (5, 16), 22), ((5, 16), (4, 16), 0), ((4, 16), (3, 16), 0), ((3, 16), (2, 16), 0), ((2, 16), (1, 16), 0), ((1, 16), (1, 17), 0), ((1, 17), (1, 18), 0), ((1, 18), (1, 19), 0), ((1, 19), (2, 19), 0), ((2, 19), (3, 19), 0), ((3, 19), (4, 19), 0), ((5, 15), (5, 16), 36), ((5, 16), (5, 17), 0), ((5, 17), (6, 17), 0), ((6, 17), (7, 17), 0), ((7, 17), (7, 18), 0), ((7, 18), (8, 18), 0), ((8, 18), (9, 18), 0), ((9, 18), (10, 18), 0), ((5, 15), (5, 14), 44), ((5, 14), (5, 13), 0), ((5, 13), (5, 12), 0), ((5, 12), (6, 12), 0), ((5, 15), (6, 15), 48), ((6, 15), (7, 15), 0)])
(25, 57, [((7, 12), (8, 12), 24), ((8, 12), (9, 12), 0), ((9, 12), (10, 12), 0), ((10, 12), (10, 11), 0), ((10, 11), (10, 10), 0), ((10, 10), (10, 9), 0), ((10, 9), (10, 8), 0), ((10, 8), (10, 7), 0), ((10, 7), (10, 6), 0), ((10, 6), (10, 5), 0), ((10, 5), (11, 5), 0), ((11, 5), (12, 5), 0), ((7, 12), (8, 12), 36), ((8, 12), (8, 13), 0), ((8, 13), (8, 14), 0), ((8, 14), (8, 15), 0), ((8, 15), (8, 16), 0), ((8, 16), (9, 16), 0), ((9, 16), (10, 16), 0), ((7, 12), (6, 12), 44), ((6, 12), (5, 12), 0), ((5, 12), (5, 13), 0), ((5, 13), (4, 13), 0), ((7, 12), (7, 11), 48), ((7, 11), (8, 11), 0)])
(25, 48, [((5, 2), (5, 3), 20), ((5, 3), (5, 4), 0), ((5, 4), (4, 4), 0), ((4, 4), (3, 4), 0), ((3, 4), (3, 5), 0), ((3, 5), (3, 6), 0), ((3, 6), (3, 7), 0), ((3, 7), (4, 7), 0), ((4, 7), (5, 7), 0), ((5, 7), (6, 7), 0), ((5, 2), (5, 3), 32), ((5, 3), (5, 4), 0), ((5, 4), (6, 4), 0), ((6, 4), (7, 4), 0), ((7, 4), (7, 3), 0), ((7, 3), (7, 2), 0), ((7, 2), (8, 2), 0), ((8, 2), (9, 2), 0), ((5, 2), (4, 2), 40), ((4, 2), (4, 1), 0), ((4, 1), (3, 1), 0), ((3, 1), (2, 1), 0), ((5, 2), (4, 2), 44), ((4, 2), (3, 2), 0), ((3, 2), (2, 2), 0), ((5, 2), (5, 1), 48), ((5, 1), (5, 0), 0)])
(25, 41, [((6, 4), (7, 4), 24), ((7, 4), (7, 3), 0), ((7, 3), (8, 3), 0), ((8, 3), (8, 2), 0), ((8, 2), (9, 2), 0), ((9, 2), (10, 2), 0), ((10, 2), (11, 2), 0), ((11, 2), (12, 2), 0), ((12, 2), (13, 2), 0), ((13, 2), (14, 2), 0), ((14, 2), (15, 2), 0), ((15, 2), (16, 2), 0), ((6, 4), (6, 3), 36), ((6, 3), (5, 3), 0), ((5, 3), (4, 3), 0), ((4, 3), (3, 3), 0), ((3, 3), (2, 3), 0), ((2, 3), (2, 2), 0), ((6, 4), (6, 3), 42), ((6, 3), (6, 2), 0), ((6, 2), (5, 2), 0), ((5, 2), (4, 2), 0), ((6, 4), (5, 4), 46), ((5, 4), (4, 4), 0), ((6, 4), (6, 5), 48)])
(25, 41, [((19, 6), (19, 5), 20), ((19, 5), (18, 5), 0), ((18, 5), (17, 5), 0), ((17, 5), (16, 5), 0), ((16, 5), (15, 5), 0), ((15, 5), (14, 5), 0), ((14, 5), (14, 4), 0), ((14, 4), (14, 3), 0), ((14, 3), (14, 2), 0), ((14, 2), (14, 1), 0), ((19, 6), (19, 5), 30), ((19, 5), (18, 5), 0), ((18, 5), (17, 5), 0), ((17, 5), (16, 5), 0), ((16, 5), (16, 6), 0), ((16, 6), (16, 7), 0), ((16, 7), (16, 8), 0), ((16, 8), (16, 9), 0), ((16, 9), (17, 9), 0), ((19, 6), (19, 7), 39), ((19, 7), (20, 7), 0), ((20, 7), (20, 6), 0), ((20, 6), (20, 5), 0), ((20, 5), (19, 5), 0), ((19, 6), (19, 5), 44), ((19, 5), (19, 4), 0), ((19, 4), (19, 3), 0), ((19, 3), (18, 3), 0), ((19, 6), (18, 6), 48), ((18, 6), (18, 7), 0)])
(24, 42, [((2, 19), (2, 18), 22), ((2, 18), (2, 17), 0), ((2, 17), (3, 17), 0), ((3, 17), (4, 17), 0), ((4, 17), (4, 16), 0), ((4, 16), (4, 15), 0), ((4, 15), (5, 15), 0), ((5, 15), (6, 15), 0), ((6, 15), (7, 15), 0), ((7, 15), (8, 15), 0), ((8, 15), (9, 15), 0), ((2, 19), (2, 18), 34), ((2, 18), (2, 17), 0), ((2, 17), (2, 16), 0), ((2, 16), (2, 15), 0), ((2, 15), (1, 15), 0), ((1, 15), (0, 15), 0), ((0, 15), (0, 14), 0), ((0, 14), (0, 13), 0), ((2, 19), (2, 18), 42), ((2, 18), (3, 18), 0), ((3, 18), (4, 18), 0), ((4, 18), (5, 18), 0), ((5, 18), (5, 17), 0), ((2, 19), (2, 18), 47), ((2, 18), (1, 18), 0), ((1, 18), (0, 18), 0)])
(25, 45, [((9, 18), (10, 18), 20), ((10, 18), (11, 18), 0), ((11, 18), (11, 17), 0), ((11, 17), (12, 17), 0), ((12, 17), (12, 16), 0), ((12, 16), (12, 15), 0), ((12, 15), (13, 15), 0), ((13, 15), (14, 15), 0), ((14, 15), (15, 15), 0), ((15, 15), (16, 15), 0), ((9, 18), (10, 18), 32), ((10, 18), (11, 18), 0), ((11, 18), (12, 18), 0), ((12, 18), (13, 18), 0), ((13, 18), (14, 18), 0), ((14, 18), (15, 18), 0), ((15, 18), (16, 18), 0), ((16, 18), (17, 18), 0), ((9, 18), (10, 18), 40), ((10, 18), (10, 17), 0), ((10, 17), (9, 17), 0), ((9, 17), (8, 17), 0), ((8, 17), (8, 16), 0), ((9, 18), (9, 17), 45), ((9, 17), (9, 16), 0), ((9, 16), (10, 16), 0), ((9, 18), (9, 19), 48), ((9, 19), (8, 19), 0)])
(25, 62, [((14, 14), (14, 13), 26), ((14, 13), (14, 12), 0), ((14, 12), (14, 11), 0), ((14, 11), (14, 10), 0), ((14, 10), (14, 9), 0), ((14, 9), (14, 8), 0), ((14, 8), (14, 7), 0), ((14, 7), (15, 7), 0), ((15, 7), (16, 7), 0), ((16, 7), (17, 7), 0), ((17, 7), (18, 7), 0), ((18, 7), (18, 8), 0), ((18, 8), (18, 9), 0), ((14, 14), (14, 15), 39), ((14, 15), (14, 16), 0), ((14, 16), (13, 16), 0), ((13, 16), (12, 16), 0), ((12, 16), (11, 16), 0), ((11, 16), (10, 16), 0), ((14, 14), (15, 14), 45), ((15, 14), (16, 14), 0), ((16, 14), (17, 14), 0), ((14, 14), (13, 14), 48), ((13, 14), (12, 14), 0)])
(25, 53, [((8, 5), (7, 5), 24), ((7, 5), (6, 5), 0), ((6, 5), (5, 5), 0), ((5, 5), (4, 5), 0), ((4, 5), (3, 5), 0), ((3, 5), (2, 5), 0), ((2, 5), (2, 4), 0), ((2, 4), (2, 3), 0), ((2, 3), (2, 2), 0), ((2, 2), (2, 1), 0), ((2, 1), (1, 1), 0), ((1, 1), (0, 1), 0), ((8, 5), (7, 5), 36), ((7, 5), (7, 4), 0), ((7, 4), (7, 3), 0), ((7, 3), (7, 2), 0), ((7, 2), (7, 1), 0), ((7, 1), (7, 0), 0), ((7, 0), (8, 0), 0), ((8, 5), (9, 5), 44), ((9, 5), (9, 4), 0), ((9, 4), (10, 4), 0), ((10, 4), (11, 4), 0), ((8, 5), (8, 6), 48), ((8, 6), (8, 7), 0)])
(25, 54, [((3, 0), (3, 1), 24), ((3, 1), (3, 2), 0), ((3, 2), (4, 2), 0), ((4, 2), (5, 2), 0), ((5, 2), (6, 2), 0), ((6, 2), (7, 2), 0), ((7, 2), (8, 2), 0), ((8, 2), (9, 2), 0), ((9, 2), (10, 2), 0), ((10, 2), (11, 2), 0), ((11, 2), (12, 2), 0), ((12, 2), (13, 2), 0), ((3, 0), (3, 1), 36), ((3, 1), (3, 2), 0), ((3, 2), (2, 2), 0), ((2, 2), (1, 2), 0), ((1, 2), (1, 3), 0), ((1, 3), (1, 4), 0), ((1, 4), (1, 5), 0), ((1, 5), (1, 6), 0), ((3, 0), (4, 0), 44), ((4, 0), (5, 0), 0), ((5, 0), (6, 0), 0), ((6, 0), (6, 1), 0), ((3, 0), (2, 0), 48), ((2, 0), (1, 0), 0)])
(25, 55, [((10, 7), (11, 7), 22), ((11, 7), (11, 8), 0), ((11, 8), (12, 8), 0), ((12, 8), (12, 9), 0), ((12, 9), (12, 10), 0), ((12, 10), (12, 11), 0), ((12, 11), (12, 12), 0), ((12, 12), (12, 13), 0), ((12, 13), (12, 14), 0), ((12, 14), (12, 15), 0), ((12, 15), (12, 16), 0), ((10, 7), (11, 7), 33), ((11, 7), (12, 7), 0), ((12, 7), (12, 6), 0), ((12, 6), (13, 6), 0), ((13, 6), (14, 6), 0), ((14, 6), (15, 6), 0), ((10, 7), (11, 7), 39), ((11, 7), (11, 8), 0), ((11, 8), (11, 9), 0), ((11, 9), (10, 9), 0), ((10, 9), (10, 10), 0), ((10, 7), (11, 7), 44), ((11, 7), (11, 6), 0), ((11, 6), (11, 5), 0), ((11, 5), (11, 4), 0), ((10, 7), (9, 7), 48), ((9, 7), (9, 6), 0)])
(25, 49, [((4, 1), (3, 1), 24), ((3, 1), (3, 2), 0), ((3, 2), (3, 3), 0), ((3, 3), (4, 3), 0), ((4, 3), (5, 3), 0), ((5, 3), (6, 3), 0), ((6, 3), (6, 4), 0), ((6, 4), (6, 5), 0), ((6, 5), (6, 6), 0), ((6, 6), (6, 7), 0), ((6, 7), (6, 8), 0), ((6, 8), (6, 9), 0), ((4, 1), (3, 1), 36), ((3, 1), (2, 1), 0), ((2, 1), (2, 2), 0), ((2, 2), (2, 3), 0), ((2, 3), (2, 4), 0), ((2, 4), (2, 5), 0), ((2, 5), (2, 6), 0), ((4, 1), (5, 1), 44), ((5, 1), (6, 1), 0), ((6, 1), (7, 1), 0), ((7, 1), (8, 1), 0), ((4, 1), (4, 0), 48), ((4, 0), (5, 0), 0)])
(23, 39, [((2, 0), (3, 0), 26), ((3, 0), (3, 1), 0), ((3, 1), (4, 1), 0), ((4, 1), (5, 1), 0), ((5, 1), (6, 1), 0), ((6, 1), (7, 1), 0), ((7, 1), (8, 1), 0), ((8, 1), (8, 2), 0), ((8, 2), (8, 3), 0), ((8, 3), (7, 3), 0), ((7, 3), (7, 4), 0), ((7, 4), (7, 5), 0), ((7, 5), (7, 6), 0), ((2, 0), (3, 0), 39), ((3, 0), (3, 1), 0), ((3, 1), (3, 2), 0), ((3, 2), (2, 2), 0), ((2, 2), (2, 3), 0), ((2, 3), (1, 3), 0), ((1, 3), (0, 3), 0), ((2, 0), (1, 0), 46), ((1, 0), (0, 0), 0), ((0, 0), (0, 1), 0), ((0, 1), (0, 2), 0)])
(25, 50, [((14, 11), (14, 12), 22), ((14, 12), (13, 12), 0), ((13, 12), (12, 12), 0), ((12, 12), (11, 12), 0), ((11, 12), (11, 11), 0), ((11, 11), (11, 10), 0), ((11, 10), (11, 9), 0), ((11, 9), (11, 8), 0), ((11, 8), (11, 7), 0), ((11, 7), (11, 6), 0), ((11, 6), (12, 6), 0), ((14, 11), (14, 12), 34), ((14, 12), (14, 13), 0), ((14, 13), (14, 14), 0), ((14, 14), (14, 15), 0), ((14, 15), (14, 16), 0), ((14, 16), (15, 16), 0), ((15, 16), (16, 16), 0), ((14, 11), (14, 12), 41), ((14, 12), (14, 13), 0), ((14, 13), (15, 13), 0), ((15, 13), (16, 13), 0), ((16, 13), (17, 13), 0), ((14, 11), (13, 11), 46), ((13, 11), (12, 11), 0), ((12, 11), (12, 10), 0), ((14, 11), (15, 11), 49)])
(21, 37, [((2, 9), (2, 10), 26), ((2, 10), (1, 10), 0), ((1, 10), (0, 10), 0), ((0, 10), (0, 11), 0), ((0, 11), (0, 12), 0), ((0, 12), (0, 13), 0), ((0, 13), (0, 14), 0), ((0, 14), (0, 15), 0), ((0, 15), (1, 15), 0), ((1, 15), (2, 15), 0), ((2, 15), (3, 15), 0), ((3, 15), (4, 15), 0), ((4, 15), (5, 15), 0), ((2, 9), (2, 10), 40), ((2, 10), (1, 10), 0), ((1, 10), (0, 10), 0), ((0, 10), (0, 9), 0), ((0, 9), (0, 8), 0), ((0, 8), (1, 8), 0), ((1, 8), (1, 7), 0), ((1, 7), (2, 7), 0), ((2, 7), (3, 7), 0), ((3, 7), (3, 6), 0)])
(25, 55, [((7, 5), (7, 4), 20), ((7, 4), (7, 3), 0), ((7, 3), (7, 2), 0), ((7, 2), (7, 1), 0), ((7, 1), (8, 1), 0), ((8, 1), (9, 1), 0), ((9, 1), (10, 1), 0), ((10, 1), (11, 1), 0), ((11, 1), (12, 1), 0), ((12, 1), (12, 2), 0), ((7, 5), (7, 4), 34), ((7, 4), (8, 4), 0), ((8, 4), (9, 4), 0), ((9, 4), (10, 4), 0), ((10, 4), (11, 4), 0), ((11, 4), (12, 4), 0), ((12, 4), (12, 5), 0), ((12, 5), (12, 6), 0), ((7, 5), (7, 6), 42), ((7, 6), (7, 7), 0), ((7, 7), (6, 7), 0), ((6, 7), (6, 8), 0), ((7, 5), (7, 4), 46), ((7, 4), (6, 4), 0), ((6, 4), (5, 4), 0), ((7, 5), (6, 5), 49)])
(25, 51, [((2, 14), (2, 15), 20), ((2, 15), (3, 15), 0), ((3, 15), (4, 15), 0), ((4, 15), (5, 15), 0), ((5, 15), (6, 15), 0), ((6, 15), (6, 16), 0), ((6, 16), (6, 17), 0), ((6, 17), (6, 18), 0), ((6, 18), (5, 18), 0), ((5, 18), (4, 18), 0), ((2, 14), (2, 15), 30), ((2, 15), (3, 15), 0), ((3, 15), (4, 15), 0), ((4, 15), (4, 14), 0), ((4, 14), (4, 13), 0), ((4, 13), (4, 12), 0), ((4, 12), (4, 11), 0), ((4, 11), (4, 10), 0), ((2, 14), (2, 15), 38), ((2, 15), (1, 15), 0), ((1, 15), (1, 16), 0), ((1, 16), (0, 16), 0), ((0, 16), (0, 17), 0), ((2, 14), (2, 15), 44), ((2, 15), (2, 16), 0), ((2, 16), (2, 17), 0), ((2, 17), (2, 18), 0), ((2, 14), (1, 14), 48), ((1, 14), (1, 13), 0)])
(25, 57, [((5, 16), (5, 15), 24), ((5, 15), (5, 14), 0), ((5, 14), (5, 13), 0), ((5, 13), (6, 13), 0), ((6, 13), (7, 13), 0), ((7, 13), (8, 13), 0), ((8, 13), (9, 13), 0), ((9, 13), (10, 13), 0), ((10, 13), (11, 13), 0), ((11, 13), (12, 13), 0), ((12, 13), (13, 13), 0), ((13, 13), (14, 13), 0), ((5, 16), (4, 16), 38), ((4, 16), (3, 16), 0), ((3, 16), (2, 16), 0), ((2, 16), (1, 16), 0), ((1, 16), (0, 16), 0), ((0, 16), (0, 17), 0), ((0, 17), (0, 18), 0), ((5, 16), (5, 17), 45), ((5, 17), (5, 18), 0), ((5, 18), (5, 19), 0), ((5, 16), (6, 16), 48), ((6, 16), (7, 16), 0)])
(25, 47, [((5, 20), (5, 19), 22), ((5, 19), (5, 18), 0), ((5, 18), (6, 18), 0), ((6, 18), (7, 18), 0), ((7, 18), (8, 18), 0), ((8, 18), (8, 17), 0), ((8, 17), (8, 16), 0), ((8, 16), (8, 15), 0), ((8, 15), (8, 14), 0), ((8, 14), (9, 14), 0), ((9, 14), (10, 14), 0), ((5, 20), (5, 19), 33), ((5, 19), (5, 18), 0), ((5, 18), (5, 17), 0), ((5, 17), (5, 16), 0), ((5, 16), (4, 16), 0), ((4, 16), (4, 15), 0), ((4, 15), (4, 14), 0), ((5, 20), (5, 19), 40), ((5, 19), (5, 18), 0), ((5, 18), (4, 18), 0), ((4, 18), (3, 18), 0), ((3, 18), (3, 17), 0), ((3, 17), (2, 17), 0), ((5, 20), (4, 20), 46), ((4, 20), (4, 19), 0), ((4, 19), (3, 19), 0), ((5, 20), (6, 20), 49)])
(25, 53, [((3, 3), (3, 4), 22), ((3, 4), (3, 5), 0), ((3, 5), (3, 6), 0), ((3, 6), (3, 7), 0), ((3, 7), (3, 8), 0), ((3, 8), (3, 9), 0), ((3, 9), (2, 9), 0), ((2, 9), (1, 9), 0), ((1, 9), (1, 10), 0), ((1, 10), (1, 11), 0), ((1, 11), (1, 12), 0), ((3, 3), (3, 4), 36), ((3, 4), (4, 4), 0), ((4, 4), (4, 5), 0), ((4, 5), (5, 5), 0), ((5, 5), (6, 5), 0), ((6, 5), (7, 5), 0), ((7, 5), (8, 5), 0), ((8, 5), (9, 5), 0), ((3, 3), (3, 2), 44), ((3, 2), (3, 1), 0), ((3, 1), (4, 1), 0), ((4, 1), (4, 2), 0), ((3, 3), (4, 3), 48), ((4, 3), (5, 3), 0)])
(25, 57, [((2, 14), (2, 13), 20), ((2, 13), (3, 13), 0), ((3, 13), (4, 13), 0), ((4, 13), (4, 12), 0), ((4, 12), (4, 11), 0), ((4, 11), (5, 11), 0), ((5, 11), (6, 11), 0), ((6, 11), (7, 11), 0), ((7, 11), (8, 11), 0), ((8, 11), (9, 11), 0), ((2, 14), (2, 13), 34), ((2, 13), (1, 13), 0), ((1, 13), (1, 12), 0), ((1, 12), (1, 11), 0), ((1, 11), (1, 10), 0), ((1, 10), (1, 9), 0), ((1, 9), (1, 8), 0), ((1, 8), (1, 7), 0), ((2, 14), (2, 15), 42), ((2, 15), (3, 15), 0), ((3, 15), (4, 15), 0), ((4, 15), (5, 15), 0), ((2, 14), (2, 15), 46), ((2, 15), (1, 15), 0), ((1, 15), (1, 16), 0), ((2, 14), (1, 14), 49)])
(25, 55, [((15, 10), (15, 9), 24), ((15, 9), (15, 8), 0), ((15, 8), (15, 7), 0), ((15, 7), (14, 7), 0), ((14, 7), (13, 7), 0), ((13, 7), (12, 7), 0), ((12, 7), (11, 7), 0), ((11, 7), (10, 7), 0), ((10, 7), (10, 6), 0), ((10, 6), (10, 5), 0), ((10, 5), (10, 4), 0), ((10, 4), (10, 3), 0), ((15, 10), (14, 10), 36), ((14, 10), (13, 10), 0), ((13, 10), (12, 10), 0), ((12, 10), (11, 10), 0), ((11, 10), (10, 10), 0), ((10, 10), (9, 10), 0), ((15, 10), (15, 9), 42), ((15, 9), (16, 9), 0), ((16, 9), (17, 9), 0), ((17, 9), (17, 8), 0), ((15, 10), (14, 10), 46), ((14, 10), (14, 11), 0), ((14, 11), (14, 12), 0), ((15, 10), (15, 11), 49)])
(25, 59, [((13, 4), (12, 4), 26), ((12, 4), (11, 4), 0), ((11, 4), (11, 5), 0), ((11, 5), (11, 6), 0), ((11, 6), (11, 7), 0), ((11, 7), (11, 8), 0), ((11, 8), (10, 8), 0), ((10, 8), (9, 8), 0), ((9, 8), (8, 8), 0), ((8, 8), (7, 8), 0), ((7, 8), (6, 8), 0), ((6, 8), (5, 8), 0), ((5, 8), (4, 8), 0), ((13, 4), (13, 5), 39), ((13, 5), (14, 5), 0), ((14, 5), (15, 5), 0), ((15, 5), (16, 5), 0), ((16, 5), (17, 5), 0), ((17, 5), (18, 5), 0), ((13, 4), (14, 4), 45), ((14, 4), (14, 3), 0), ((14, 3), (14, 2), 0), ((13, 4), (13, 3), 48), ((13, 3), (13, 2), 0)])
(21, 39, [((0, 12), (0, 11), 26), ((0, 11), (1, 11), 0), ((1, 11), (1, 10), 0), ((1, 10), (1, 9), 0), ((1, 9), (1, 8), 0), ((1, 8), (1, 7), 0), ((1, 7), (0, 7), 0), ((0, 7), (0, 6), 0), ((0, 6), (0, 5), 0), ((0, 5), (1, 5), 0), ((1, 5), (2, 5), 0), ((2, 5), (3, 5), 0), ((3, 5), (4, 5), 0), ((0, 12), (0, 11), 40), ((0, 11), (1, 11), 0), ((1, 11), (1, 10), 0), ((1, 10), (2, 10), 0), ((2, 10), (3, 10), 0), ((3, 10), (4, 10), 0), ((4, 10), (5, 10), 0), ((5, 10), (6, 10), 0), ((6, 10), (6, 9), 0), ((6, 9), (6, 8), 0)])
(24, 50, [((10, 19), (10, 20), 24), ((10, 20), (9, 20), 0), ((9, 20), (8, 20), 0), ((8, 20), (7, 20), 0), ((7, 20), (6, 20), 0), ((6, 20), (6, 19), 0), ((6, 19), (6, 18), 0), ((6, 18), (6, 17), 0), ((6, 17), (6, 16), 0), ((6, 16), (7, 16), 0), ((7, 16), (8, 16), 0), ((8, 16), (9, 16), 0), ((10, 19), (10, 20), 36), ((10, 20), (9, 20), 0), ((9, 20), (9, 21), 0), ((9, 21), (9, 22), 0), ((9, 22), (10, 22), 0), ((10, 22), (11, 22), 0), ((11, 22), (12, 22), 0), ((12, 22), (13, 22), 0), ((10, 19), (11, 19), 44), ((11, 19), (12, 19), 0), ((12, 19), (13, 19), 0), ((13, 19), (14, 19), 0), ((10, 19), (11, 19), 48), ((11, 19), (11, 20), 0)])
(24, 39, [((0, 19), (0, 18), 26), ((0, 18), (1, 18), 0), ((1, 18), (2, 18), 0), ((2, 18), (3, 18), 0), ((3, 18), (4, 18), 0), ((4, 18), (5, 18), 0), ((5, 18), (6, 18), 0), ((6, 18), (7, 18), 0), ((7, 18), (8, 18), 0), ((8, 18), (9, 18), 0), ((9, 18), (10, 18), 0), ((10, 18), (11, 18), 0), ((11, 18), (11, 17), 0), ((0, 19), (0, 18), 39), ((0, 18), (0, 17), 0), ((0, 17), (1, 17), 0), ((1, 17), (2, 17), 0), ((2, 17), (3, 17), 0), ((3, 17), (3, 16), 0), ((3, 16), (2, 16), 0), ((0, 19), (1, 19), 46), ((1, 19), (2, 19), 0), ((2, 19), (3, 19), 0), ((3, 19), (4, 19), 0)])
(25, 53, [((13, 5), (13, 4), 22), ((13, 4), (12, 4), 0), ((12, 4), (11, 4), 0), ((11, 4), (10, 4), 0), ((10, 4), (9, 4), 0), ((9, 4), (9, 3), 0), ((9, 3), (8, 3), 0), ((8, 3), (7, 3), 0), ((7, 3), (6, 3), 0), ((6, 3), (5, 3), 0), ((5, 3), (4, 3), 0), ((13, 5), (13, 4), 36), ((13, 4), (13, 3), 0), ((13, 3), (14, 3), 0), ((14, 3), (14, 2), 0), ((14, 2), (14, 1), 0), ((14, 1), (14, 0), 0), ((14, 0), (15, 0), 0), ((15, 0), (16, 0), 0), ((13, 5), (13, 6), 44), ((13, 6), (13, 7), 0), ((13, 7), (13, 8), 0), ((13, 8), (13, 9), 0), ((13, 5), (14, 5), 48), ((14, 5), (14, 6), 0)])
(25, 53, [((8, 14), (7, 14), 24), ((7, 14), (7, 13), 0), ((7, 13), (7, 12), 0), ((7, 12), (7, 11), 0), ((7, 11), (7, 10), 0), ((7, 10), (7, 9), 0), ((7, 9), (8, 9), 0), ((8, 9), (9, 9), 0), ((9, 9), (10, 9), 0), ((10, 9), (11, 9), 0), ((11, 9), (11, 10), 0), ((11, 10), (11, 11), 0), ((8, 14), (7, 14), 36), ((7, 14), (7, 13), 0), ((7, 13), (6, 13), 0), ((6, 13), (5, 13), 0), ((5, 13), (4, 13), 0), ((4, 13), (4, 12), 0), ((4, 12), (4, 11), 0), ((4, 11), (4, 10), 0), ((8, 14), (8, 15), 44), ((8, 15), (9, 15), 0), ((9, 15), (10, 15), 0), ((10, 15), (10, 16), 0), ((8, 14), (8, 13), 48), ((8, 13), (9, 13), 0)])
(24, 46, [((0, 5), (1, 5), 22), ((1, 5), (2, 5), 0), ((2, 5), (2, 6), 0), ((2, 6), (2, 7), 0), ((2, 7), (2, 8), 0), ((2, 8), (2, 9), 0), ((2, 9), (2, 10), 0), ((2, 10), (2, 11), 0), ((2, 11), (2, 12), 0), ((2, 12), (2, 13), 0), ((2, 13), (3, 13), 0), ((0, 5), (1, 5), 33), ((1, 5), (2, 5), 0), ((2, 5), (2, 6), 0), ((2, 6), (3, 6), 0), ((3, 6), (4, 6), 0), ((4, 6), (5, 6), 0), ((5, 6), (5, 7), 0), ((5, 7), (5, 8), 0), ((0, 5), (1, 5), 41), ((1, 5), (2, 5), 0), ((2, 5), (2, 4), 0), ((2, 4), (3, 4), 0), ((3, 4), (4, 4), 0), ((4, 4), (4, 3), 0), ((0, 5), (0, 4), 47), ((0, 4), (0, 3), 0), ((0, 3), (0, 2), 0)])
(25, 48, [((8, 11), (7, 11), 24), ((7, 11), (6, 11), 0), ((6, 11), (6, 10), 0), ((6, 10), (6, 9), 0), ((6, 9), (6, 8), 0), ((6, 8), (6, 7), 0), ((6, 7), (6, 6), 0), ((6, 6), (5, 6), 0), ((5, 6), (4, 6), 0), ((4, 6), (3, 6), 0), ((3, 6), (2, 6), 0), ((2, 6), (1, 6), 0), ((8, 11), (7, 11), 36), ((7, 11), (6, 11), 0), ((6, 11), (5, 11), 0), ((5, 11), (5, 12), 0), ((5, 12), (5, 13), 0), ((5, 13), (4, 13), 0), ((4, 13), (3, 13), 0), ((3, 13), (2, 13), 0), ((8, 11), (8, 12), 44), ((8, 12), (8, 13), 0), ((8, 13), (7, 13), 0), ((7, 13), (7, 14), 0), ((8, 11), (9, 11), 48), ((9, 11), (10, 11), 0)])
(25, 50, [((14, 4), (14, 3), 20), ((14, 3), (13, 3), 0), ((13, 3), (12, 3), 0), ((12, 3), (12, 4), 0), ((12, 4), (12, 5), 0), ((12, 5), (12, 6), 0), ((12, 6), (12, 7), 0), ((12, 7), (13, 7), 0), ((13, 7), (14, 7), 0), ((14, 7), (15, 7), 0), ((14, 4), (14, 3), 30), ((14, 3), (13, 3), 0), ((13, 3), (13, 2), 0), ((13, 2), (12, 2), 0), ((12, 2), (11, 2), 0), ((11, 2), (10, 2), 0), ((10, 2), (9, 2), 0), ((14, 4), (14, 3), 38), ((14, 3), (14, 2), 0), ((14, 2), (14, 1), 0), ((14, 1), (15, 1), 0), ((15, 1), (15, 0), 0), ((14, 4), (14, 3), 44), ((14, 3), (15, 3), 0), ((15, 3), (16, 3), 0), ((16, 3), (17, 3), 0), ((14, 4), (15, 4), 48), ((15, 4), (16, 4), 0)])
(25, 56, [((3, 7), (3, 6), 22), ((3, 6), (2, 6), 0), ((2, 6), (2, 5), 0), ((2, 5), (2, 4), 0), ((2, 4), (2, 3), 0), ((2, 3), (3, 3), 0), ((3, 3), (4, 3), 0), ((4, 3), (5, 3), 0), ((5, 3), (6, 3), 0), ((6, 3), (7, 3), 0), ((7, 3), (8, 3), 0), ((3, 7), (3, 8), 34), ((3, 8), (4, 8), 0), ((4, 8), (4, 9), 0), ((4, 9), (4, 10), 0), ((4, 10), (4, 11), 0), ((4, 11), (4, 12), 0), ((3, 7), (3, 8), 40), ((3, 8), (4, 8), 0), ((4, 8), (5, 8), 0), ((5, 8), (6, 8), 0), ((6, 8), (7, 8), 0), ((3, 7), (3, 6), 45), ((3, 6), (4, 6), 0), ((4, 6), (4, 5), 0), ((3, 7), (2, 7), 48), ((2, 7), (2, 8), 0)])
(25, 44, [((19, 19), (18, 19), 22), ((18, 19), (18, 18), 0), ((18, 18), (18, 17), 0), ((18, 17), (18, 16), 0), ((18, 16), (18, 15), 0), ((18, 15), (18, 14), 0), ((18, 14), (18, 13), 0), ((18, 13), (18, 12), 0), ((18, 12), (18, 11), 0), ((18, 11), (18, 10), 0), ((18, 10), (19, 10), 0), ((19, 19), (18, 19), 36), ((18, 19), (17, 19), 0), ((17, 19), (16, 19), 0), ((16, 19), (16, 18), 0), ((16, 18), (16, 17), 0), ((16, 17), (15, 17), 0), ((15, 17), (14, 17), 0), ((14, 17), (14, 16), 0), ((19, 19), (19, 18), 44), ((19, 18), (19, 17), 0), ((19, 17), (20, 17), 0), ((20, 17), (20, 16), 0), ((19, 19), (20, 19), 48), ((20, 19), (21, 19), 0)])
(25, 43, [((8, 0), (7, 0), 24), ((7, 0), (6, 0), 0), ((6, 0), (6, 1), 0), ((6, 1), (6, 2), 0), ((6, 2), (6, 3), 0), ((6, 3), (6, 4), 0), ((6, 4), (7, 4), 0), ((7, 4), (7, 5), 0), ((7, 5), (7, 6), 0), ((7, 6), (7, 7), 0), ((7, 7), (7, 8), 0), ((7, 8), (7, 9), 0), ((8, 0), (7, 0), 36), ((7, 0), (6, 0), 0), ((6, 0), (5, 0), 0), ((5, 0), (4, 0), 0), ((4, 0), (4, 1), 0), ((4, 1), (4, 2), 0), ((4, 2), (3, 2), 0), ((3, 2), (2, 2), 0), ((8, 0), (9, 0), 44), ((9, 0), (10, 0), 0), ((10, 0), (11, 0), 0), ((11, 0), (11, 1), 0), ((8, 0), (8, 1), 48), ((8, 1), (8, 2), 0)])
(25, 51, [((22, 13), (22, 12), 22), ((22, 12), (22, 11), 0), ((22, 11), (21, 11), 0), ((21, 11), (20, 11), 0), ((20, 11), (19, 11), 0), ((19, 11), (18, 11), 0), ((18, 11), (17, 11), 0), ((17, 11), (16, 11), 0), ((16, 11), (16, 12), 0), ((16, 12), (16, 13), 0), ((16, 13), (16, 14), 0), ((22, 13), (22, 12), 33), ((22, 12), (22, 11), 0), ((22, 11), (21, 11), 0), ((21, 11), (21, 10), 0), ((21, 10), (21, 9), 0), ((21, 9), (21, 8), 0), ((21, 8), (21, 7), 0), ((21, 7), (21, 6), 0), ((22, 13), (21, 13), 41), ((21, 13), (21, 14), 0), ((21, 14), (21, 15), 0), ((21, 15), (21, 16), 0), ((22, 13), (21, 13), 45), ((21, 13), (20, 13), 0), ((20, 13), (19, 13), 0), ((22, 13), (22, 14), 48), ((22, 14), (22, 15), 0)])
(25, 52, [((16, 7), (16, 6), 22), ((16, 6), (15, 6), 0), ((15, 6), (15, 5), 0), ((15, 5), (14, 5), 0), ((14, 5), (13, 5), 0), ((13, 5), (12, 5), 0), ((12, 5), (11, 5), 0), ((11, 5), (10, 5), 0), ((10, 5), (9, 5), 0), ((9, 5), (8, 5), 0), ((8, 5), (7, 5), 0), ((16, 7), (16, 6), 33), ((16, 6), (16, 5), 0), ((16, 5), (16, 4), 0), ((16, 4), (15, 4), 0), ((15, 4), (15, 3), 0), ((15, 3), (15, 2), 0), ((16, 7), (16, 8), 42), ((16, 8), (16, 9), 0), ((16, 9), (16, 10), 0), ((16, 10), (16, 11), 0), ((16, 11), (16, 12), 0), ((16, 7), (15, 7), 47), ((15, 7), (15, 8), 0), ((16, 7), (17, 7), 49)])
(25, 57, [((15, 7), (14, 7), 18), ((14, 7), (14, 6), 0), ((14, 6), (14, 5), 0), ((14, 5), (13, 5), 0), ((13, 5), (12, 5), 0), ((12, 5), (11, 5), 0), ((11, 5), (10, 5), 0), ((10, 5), (9, 5), 0), ((9, 5), (8, 5), 0), ((15, 7), (14, 7), 32), ((14, 7), (14, 8), 0), ((14, 8), (14, 9), 0), ((14, 9), (14, 10), 0), ((14, 10), (14, 11), 0), ((14, 11), (13, 11), 0), ((13, 11), (12, 11), 0), ((12, 11), (11, 11), 0), ((15, 7), (14, 7), 40), ((14, 7), (14, 8), 0), ((14, 8), (13, 8), 0), ((13, 8), (12, 8), 0), ((12, 8), (11, 8), 0), ((11, 8), (10, 8), 0), ((15, 7), (16, 7), 46), ((16, 7), (17, 7), 0), ((17, 7), (18, 7), 0), ((15, 7), (15, 6), 49)])
(25, 59, [((12, 13), (12, 12), 22), ((12, 12), (11, 12), 0), ((11, 12), (10, 12), 0), ((10, 12), (9, 12), 0), ((9, 12), (8, 12), 0), ((8, 12), (7, 12), 0), ((7, 12), (7, 13), 0), ((7, 13), (7, 14), 0), ((7, 14), (7, 15), 0), ((7, 15), (7, 16), 0), ((7, 16), (7, 17), 0), ((12, 13), (12, 12), 36), ((12, 12), (13, 12), 0), ((13, 12), (13, 11), 0), ((13, 11), (13, 10), 0), ((13, 10), (13, 9), 0), ((13, 9), (13, 8), 0), ((13, 8), (13, 7), 0), ((13, 7), (13, 6), 0), ((12, 13), (12, 14), 44), ((12, 14), (12, 15), 0), ((12, 15), (13, 15), 0), ((13, 15), (14, 15), 0), ((12, 13), (11, 13), 48), ((11, 13), (10, 13), 0)])
(25, 46, [((13, 18), (13, 17), 24), ((13, 17), (12, 17), 0), ((12, 17), (11, 17), 0), ((11, 17), (10, 17), 0), ((10, 17), (10, 16), 0), ((10, 16), (10, 15), 0), ((10, 15), (9, 15), 0), ((9, 15), (8, 15), 0), ((8, 15), (7, 15), 0), ((7, 15), (6, 15), 0), ((6, 15), (5, 15), 0), ((5, 15), (4, 15), 0), ((13, 18), (14, 18), 36), ((14, 18), (14, 17), 0), ((14, 17), (14, 16), 0), ((14, 16), (14, 15), 0), ((14, 15), (14, 14), 0), ((14, 14), (14, 13), 0), ((13, 18), (13, 17), 42), ((13, 17), (13, 16), 0), ((13, 16), (12, 16), 0), ((12, 16), (12, 15), 0), ((13, 18), (14, 18), 46), ((14, 18), (15, 18), 0), ((15, 18), (16, 18), 0), ((13, 18), (12, 18), 49)])
(25, 55, [((7, 7), (7, 6), 24), ((7, 6), (8, 6), 0), ((8, 6), (9, 6), 0), ((9, 6), (10, 6), 0), ((10, 6), (11, 6), 0), ((11, 6), (12, 6), 0), ((12, 6), (13, 6), 0), ((13, 6), (13, 7), 0), ((13, 7), (13, 8), 0), ((13, 8), (13, 9), 0), ((13, 9), (13, 10), 0), ((13, 10), (13, 11), 0), ((7, 7), (6, 7), 36), ((6, 7), (5, 7), 0), ((5, 7), (5, 6), 0), ((5, 6), (4, 6), 0), ((4, 6), (3, 6), 0), ((3, 6), (3, 5), 0), ((7, 7), (6, 7), 42), ((6, 7), (5, 7), 0), ((5, 7), (5, 8), 0), ((5, 8), (5, 9), 0), ((5, 9), (4, 9), 0), ((7, 7), (8, 7), 47), ((8, 7), (8, 8), 0), ((7, 7), (7, 8), 49)])
(25, 60, [((6, 3), (6, 4), 24), ((6, 4), (7, 4), 0), ((7, 4), (8, 4), 0), ((8, 4), (9, 4), 0), ((9, 4), (10, 4), 0), ((10, 4), (11, 4), 0), ((11, 4), (11, 5), 0), ((11, 5), (11, 6), 0), ((11, 6), (11, 7), 0), ((11, 7), (11, 8), 0), ((11, 8), (11, 9), 0), ((11, 9), (11, 10), 0), ((6, 3), (6, 2), 36), ((6, 2), (6, 1), 0), ((6, 1), (5, 1), 0), ((5, 1), (4, 1), 0), ((4, 1), (3, 1), 0), ((3, 1), (2, 1), 0), ((6, 3), (6, 4), 42), ((6, 4), (5, 4), 0), ((5, 4), (5, 5), 0), ((5, 5), (5, 6), 0), ((6, 3), (6, 2), 46), ((6, 2), (7, 2), 0), ((7, 2), (8, 2), 0), ((6, 3), (5, 3), 49)])
(25, 52, [((12, 17), (11, 17), 24), ((11, 17), (11, 16), 0), ((11, 16), (11, 15), 0), ((11, 15), (10, 15), 0), ((10, 15), (9, 15), 0), ((9, 15), (9, 14), 0), ((9, 14), (9, 13), 0), ((9, 13), (9, 12), 0), ((9, 12), (9, 11), 0), ((9, 11), (9, 10), 0), ((9, 10), (9, 9), 0), ((9, 9), (9, 8), 0), ((12, 17), (11, 17), 36), ((11, 17), (10, 17), 0), ((10, 17), (9, 17), 0), ((9, 17), (8, 17), 0), ((8, 17), (7, 17), 0), ((7, 17), (6, 17), 0), ((6, 17), (5, 17), 0), ((12, 17), (12, 16), 44), ((12, 16), (13, 16), 0), ((13, 16), (14, 16), 0), ((14, 16), (15, 16), 0), ((12, 17), (12, 18), 48), ((12, 18), (11, 18), 0)])
(24, 44, [((1, 8), (1, 7), 20), ((1, 7), (1, 6), 0), ((1, 6), (2, 6), 0), ((2, 6), (2, 5), 0), ((2, 5), (2, 4), 0), ((2, 4), (2, 3), 0), ((2, 3), (2, 2), 0), ((2, 2), (2, 1), 0), ((2, 1), (3, 1), 0), ((3, 1), (4, 1), 0), ((1, 8), (1, 7), 30), ((1, 7), (1, 6), 0), ((1, 6), (2, 6), 0), ((2, 6), (2, 5), 0), ((2, 5), (3, 5), 0), ((3, 5), (4, 5), 0), ((4, 5), (5, 5), 0), ((5, 5), (6, 5), 0), ((6, 5), (7, 5), 0), ((1, 8), (1, 7), 39), ((1, 7), (2, 7), 0), ((2, 7), (2, 6), 0), ((2, 6), (3, 6), 0), ((3, 6), (4, 6), 0), ((4, 6), (4, 7), 0), ((1, 8), (0, 8), 46), ((0, 8), (0, 9), 0), ((0, 9), (0, 10), 0), ((0, 10), (1, 10), 0)])
(24, 50, [((16, 16), (15, 16), 26), ((15, 16), (14, 16), 0), ((14, 16), (14, 15), 0), ((14, 15), (14, 14), 0), ((14, 14), (14, 13), 0), ((14, 13), (14, 12), 0), ((14, 12), (13, 12), 0), ((13, 12), (12, 12), 0), ((12, 12), (11, 12), 0), ((11, 12), (10, 12), 0), ((10, 12), (9, 12), 0), ((9, 12), (8, 12), 0), ((8, 12), (7, 12), 0), ((16, 16), (15, 16), 39), ((15, 16), (15, 17), 0), ((15, 17), (15, 18), 0), ((15, 18), (14, 18), 0), ((14, 18), (13, 18), 0), ((13, 18), (12, 18), 0), ((12, 18), (12, 19), 0), ((16, 16), (16, 17), 46), ((16, 17), (16, 18), 0), ((16, 18), (16, 19), 0), ((16, 19), (16, 20), 0)])
(25, 51, [((14, 17), (14, 16), 20), ((14, 16), (14, 15), 0), ((14, 15), (14, 14), 0), ((14, 14), (14, 13), 0), ((14, 13), (14, 12), 0), ((14, 12), (15, 12), 0), ((15, 12), (15, 11), 0), ((15, 11), (15, 10), 0), ((15, 10), (15, 9), 0), ((15, 9), (15, 8), 0), ((14, 17), (14, 16), 30), ((14, 16), (14, 15), 0), ((14, 15), (14, 14), 0), ((14, 14), (14, 13), 0), ((14, 13), (13, 13), 0), ((13, 13), (12, 13), 0), ((12, 13), (11, 13), 0), ((11, 13), (10, 13), 0), ((10, 13), (10, 14), 0), ((14, 17), (14, 18), 40), ((14, 18), (15, 18), 0), ((15, 18), (15, 19), 0), ((15, 19), (15, 20), 0), ((15, 20), (16, 20), 0), ((14, 17), (14, 18), 45), ((14, 18), (13, 18), 0), ((13, 18), (12, 18), 0), ((14, 17), (13, 17), 48), ((13, 17), (12, 17), 0)])
(24, 44, [((2, 21), (2, 20), 26), ((2, 20), (3, 20), 0), ((3, 20), (4, 20), 0), ((4, 20), (4, 21), 0), ((4, 21), (5, 21), 0), ((5, 21), (6, 21), 0), ((6, 21), (7, 21), 0), ((7, 21), (8, 21), 0), ((8, 21), (8, 20), 0), ((8, 20), (8, 19), 0), ((8, 19), (8, 18), 0), ((8, 18), (8, 17), 0), ((8, 17), (8, 16), 0), ((2, 21), (2, 20), 39), ((2, 20), (2, 19), 0), ((2, 19), (3, 19), 0), ((3, 19), (4, 19), 0), ((4, 19), (5, 19), 0), ((5, 19), (5, 18), 0), ((5, 18), (5, 17), 0), ((2, 21), (1, 21), 46), ((1, 21), (1, 20), 0), ((1, 20), (1, 19), 0), ((1, 19), (0, 19), 0)])
(25, 50, [((1, 6), (2, 6), 22), ((2, 6), (3, 6), 0), ((3, 6), (4, 6), 0), ((4, 6), (5, 6), 0), ((5, 6), (6, 6), 0), ((6, 6), (6, 7), 0), ((6, 7), (6, 8), 0), ((6, 8), (6, 9), 0), ((6, 9), (6, 10), 0), ((6, 10), (5, 10), 0), ((5, 10), (4, 10), 0), ((1, 6), (2, 6), 34), ((2, 6), (3, 6), 0), ((3, 6), (3, 5), 0), ((3, 5), (3, 4), 0), ((3, 4), (3, 3), 0), ((3, 3), (3, 2), 0), ((3, 2), (2, 2), 0), ((2, 2), (1, 2), 0), ((1, 6), (1, 7), 42), ((1, 7), (1, 8), 0), ((1, 8), (1, 9), 0), ((1, 9), (1, 10), 0), ((1, 6), (1, 7), 46), ((1, 7), (0, 7), 0), ((0, 7), (0, 8), 0), ((1, 6), (1, 5), 49)])
(25, 49, [((13, 14), (13, 13), 24), ((13, 13), (14, 13), 0), ((14, 13), (15, 13), 0), ((15, 13), (15, 12), 0), ((15, 12), (15, 11), 0), ((15, 11), (15, 10), 0), ((15, 10), (15, 9), 0), ((15, 9), (15, 8), 0), ((15, 8), (15, 7), 0), ((15, 7), (16, 7), 0), ((16, 7), (17, 7), 0), ((17, 7), (18, 7), 0), ((13, 14), (13, 13), 36), ((13, 13), (12, 13), 0), ((12, 13), (11, 13), 0), ((11, 13), (10, 13), 0), ((10, 13), (10, 14), 0), ((10, 14), (10, 15), 0), ((10, 15), (10, 16), 0), ((13, 14), (12, 14), 43), ((12, 14), (12, 13), 0), ((12, 13), (12, 12), 0), ((12, 12), (12, 11), 0), ((13, 14), (13, 15), 47), ((13, 15), (13, 16), 0), ((13, 14), (14, 14), 49)])
