(24, 44, [((17, 3), (17, 2), 24), ((17, 2), (17, 1), 0), ((17, 1), (16, 1), 0), ((16, 1), (15, 1), 0), ((15, 1), (14, 1), 0), ((14, 1), (14, 2), 0), ((14, 2), (14, 3), 0), ((14, 3), (13, 3), 0), ((13, 3), (12, 3), 0), ((12, 3), (12, 4), 0), ((12, 4), (12, 5), 0), ((12, 5), (12, 6), 0), ((17, 3), (17, 4), 36), ((17, 4), (17, 5), 0), ((17, 5), (17, 6), 0), ((17, 6), (17, 7), 0), ((17, 7), (17, 8), 0), ((17, 8), (18, 8), 0), ((17, 3), (17, 4), 42), ((17, 4), (16, 4), 0), ((16, 4), (16, 5), 0), ((16, 5), (17, 5), 0), ((17, 5), (18, 5), 0), ((17, 3), (17, 2), 47), ((17, 2), (18, 2), 0), ((18, 2), (18, 1), 0)])
(25, 55, [((1, 13), (2, 13), 24), ((2, 13), (3, 13), 0), ((3, 13), (4, 13), 0), ((4, 13), (5, 13), 0), ((5, 13), (6, 13), 0), ((6, 13), (7, 13), 0), ((7, 13), (8, 13), 0), ((8, 13), (9, 13), 0), ((9, 13), (10, 13), 0), ((10, 13), (11, 13), 0), ((11, 13), (12, 13), 0), ((12, 13), (13, 13), 0), ((1, 13), (2, 13), 36), ((2, 13), (3, 13), 0), ((3, 13), (3, 14), 0), ((3, 14), (3, 15), 0), ((3, 15), (3, 16), 0), ((3, 16), (2, 16), 0), ((2, 16), (1, 16), 0), ((1, 16), (0, 16), 0), ((1, 13), (1, 12), 44), ((1, 12), (1, 11), 0), ((1, 11), (1, 10), 0), ((1, 10), (2, 10), 0), ((1, 13), (1, 14), 48), ((1, 14), (2, 14), 0)])
(23, 38, [((1, 16), (1, 17), 24), ((1, 17), (2, 17), 0), ((2, 17), (3, 17), 0), ((3, 17), (3, 18), 0), ((3, 18), (4, 18), 0), ((4, 18), (4, 19), 0), ((4, 19), (5, 19), 0), ((5, 19), (6, 19), 0), ((6, 19), (7, 19), 0), ((7, 19), (8, 19), 0), ((8, 19), (9, 19), 0), ((9, 19), (10, 19), 0), ((1, 16), (1, 17), 36), ((1, 17), (2, 17), 0), ((2, 17), (3, 17), 0), ((3, 17), (3, 16), 0), ((3, 16), (3, 15), 0), ((3, 15), (4, 15), 0), ((4, 15), (5, 15), 0), ((5, 15), (6, 15), 0), ((6, 15), (7, 15), 0), ((1, 16), (1, 17), 45), ((1, 17), (1, 18), 0), ((1, 18), (0, 18), 0), ((0, 18), (0, 19), 0), ((0, 19), (0, 20), 0)])
(25, 61, [((12, 19), (12, 18), 24), ((12, 18), (11, 18), 0), ((11, 18), (10, 18), 0), ((10, 18), (9, 18), 0), ((9, 18), (9, 17), 0), ((9, 17), (9, 16), 0), ((9, 16), (9, 15), 0), ((9, 15), (9, 14), 0), ((9, 14), (9, 13), 0), ((9, 13), (9, 12), 0), ((9, 12), (9, 11), 0), ((9, 11), (9, 10), 0), ((12, 19), (12, 18), 36), ((12, 18), (13, 18), 0), ((13, 18), (13, 17), 0), ((13, 17), (13, 16), 0), ((13, 16), (13, 15), 0), ((13, 15), (13, 14), 0), ((13, 14), (13, 13), 0), ((12, 19), (13, 19), 44), ((13, 19), (14, 19), 0), ((14, 19), (15, 19), 0), ((15, 19), (16, 19), 0), ((12, 19), (11, 19), 48), ((11, 19), (11, 20), 0)])
(25, 48, [((1, 14), (2, 14), 24), ((2, 14), (3, 14), 0), ((3, 14), (4, 14), 0), ((4, 14), (4, 15), 0), ((4, 15), (5, 15), 0), ((5, 15), (6, 15), 0), ((6, 15), (7, 15), 0), ((7, 15), (8, 15), 0), ((8, 15), (9, 15), 0), ((9, 15), (10, 15), 0), ((10, 15), (11, 15), 0), ((11, 15), (11, 16), 0), ((1, 14), (2, 14), 36), ((2, 14), (3, 14), 0), ((3, 14), (3, 13), 0), ((3, 13), (3, 12), 0), ((3, 12), (4, 12), 0), ((4, 12), (5, 12), 0), ((5, 12), (6, 12), 0), ((6, 12), (7, 12), 0), ((1, 14), (1, 13), 44), ((1, 13), (1, 12), 0), ((1, 12), (1, 11), 0), ((1, 11), (2, 11), 0), ((1, 14), (1, 15), 48), ((1, 15), (2, 15), 0)])
(25, 46, [((7, 0), (8, 0), 20), ((8, 0), (9, 0), 0), ((9, 0), (9, 1), 0), ((9, 1), (10, 1), 0), ((10, 1), (11, 1), 0), ((11, 1), (12, 1), 0), ((12, 1), (13, 1), 0), ((13, 1), (14, 1), 0), ((14, 1), (15, 1), 0), ((15, 1), (15, 2), 0), ((7, 0), (8, 0), 30), ((8, 0), (9, 0), 0), ((9, 0), (9, 1), 0), ((9, 1), (9, 2), 0), ((9, 2), (9, 3), 0), ((9, 3), (9, 4), 0), ((9, 4), (8, 4), 0), ((8, 4), (7, 4), 0), ((7, 0), (6, 0), 40), ((6, 0), (5, 0), 0), ((5, 0), (4, 0), 0), ((4, 0), (4, 1), 0), ((4, 1), (4, 2), 0), ((7, 0), (8, 0), 45), ((8, 0), (8, 1), 0), ((8, 1), (8, 2), 0), ((7, 0), (7, 1), 48), ((7, 1), (6, 1), 0)])
(25, 56, [((4, 1), (5, 1), 24), ((5, 1), (6, 1), 0), ((6, 1), (7, 1), 0), ((7, 1), (8, 1), 0), ((8, 1), (9, 1), 0), ((9, 1), (10, 1), 0), ((10, 1), (11, 1), 0), ((11, 1), (11, 2), 0), ((11, 2), (11, 3), 0), ((11, 3), (11, 4), 0), ((11, 4), (12, 4), 0), ((12, 4), (13, 4), 0), ((4, 1), (4, 2), 38), ((4, 2), (4, 3), 0), ((4, 3), (5, 3), 0), ((5, 3), (6, 3), 0), ((6, 3), (6, 4), 0), ((6, 4), (6, 5), 0), ((6, 5), (6, 6), 0), ((4, 1), (3, 1), 45), ((3, 1), (3, 2), 0), ((3, 2), (3, 3), 0), ((4, 1), (4, 0), 48), ((4, 0), (5, 0), 0)])
(24, 46, [((14, 1), (14, 2), 22), ((14, 2), (13, 2), 0), ((13, 2), (12, 2), 0), ((12, 2), (11, 2), 0), ((11, 2), (11, 3), 0), ((11, 3), (11, 4), 0), ((11, 4), (11, 5), 0), ((11, 5), (11, 6), 0), ((11, 6), (12, 6), 0), ((12, 6), (13, 6), 0), ((13, 6), (14, 6), 0), ((14, 1), (14, 2), 33), ((14, 2), (13, 2), 0), ((13, 2), (12, 2), 0), ((12, 2), (11, 2), 0), ((11, 2), (11, 1), 0), ((11, 1), (10, 1), 0), ((10, 1), (9, 1), 0), ((9, 1), (8, 1), 0), ((8, 1), (7, 1), 0), ((14, 1), (15, 1), 42), ((15, 1), (16, 1), 0), ((16, 1), (16, 2), 0), ((16, 2), (17, 2), 0), ((17, 2), (17, 1), 0), ((14, 1), (14, 2), 47), ((14, 2), (14, 3), 0), ((14, 3), (15, 3), 0)])
(17, 34, [((17, 17), (18, 17), 32), ((18, 17), (19, 17), 0), ((19, 17), (19, 16), 0), ((19, 16), (19, 15), 0), ((19, 15), (19, 14), 0), ((19, 14), (19, 13), 0), ((19, 13), (19, 12), 0), ((19, 12), (19, 11), 0), ((19, 11), (18, 11), 0), ((18, 11), (17, 11), 0), ((17, 11), (17, 10), 0), ((17, 10), (17, 9), 0), ((17, 9), (17, 8), 0), ((17, 8), (17, 7), 0), ((17, 7), (17, 6), 0), ((17, 6), (17, 5), 0)])
(25, 62, [((5, 4), (6, 4), 26), ((6, 4), (7, 4), 0), ((7, 4), (8, 4), 0), ((8, 4), (9, 4), 0), ((9, 4), (9, 5), 0), ((9, 5), (9, 6), 0), ((9, 6), (10, 6), 0), ((10, 6), (11, 6), 0), ((11, 6), (12, 6), 0), ((12, 6), (13, 6), 0), ((13, 6), (14, 6), 0), ((14, 6), (15, 6), 0), ((15, 6), (16, 6), 0), ((5, 4), (5, 5), 39), ((5, 5), (5, 6), 0), ((5, 6), (5, 7), 0), ((5, 7), (5, 8), 0), ((5, 8), (6, 8), 0), ((6, 8), (7, 8), 0), ((5, 4), (5, 3), 45), ((5, 3), (5, 2), 0), ((5, 2), (5, 1), 0), ((5, 4), (4, 4), 48), ((4, 4), (3, 4), 0)])
(25, 35, [((17, 19), (16, 19), 20), ((16, 19), (15, 19), 0), ((15, 19), (15, 18), 0), ((15, 18), (15, 17), 0), ((15, 17), (14, 17), 0), ((14, 17), (13, 17), 0), ((13, 17), (13, 16), 0), ((13, 16), (12, 16), 0), ((12, 16), (11, 16), 0), ((11, 16), (10, 16), 0), ((17, 19), (16, 19), 30), ((16, 19), (15, 19), 0), ((15, 19), (14, 19), 0), ((14, 19), (14, 20), 0), ((14, 20), (13, 20), 0), ((13, 20), (12, 20), 0), ((12, 20), (11, 20), 0), ((17, 19), (16, 19), 37), ((16, 19), (15, 19), 0), ((15, 19), (14, 19), 0), ((14, 19), (13, 19), 0), ((13, 19), (12, 19), 0), ((12, 19), (11, 19), 0), ((17, 19), (17, 18), 44), ((17, 18), (17, 17), 0), ((17, 17), (17, 16), 0), ((17, 16), (16, 16), 0), ((17, 19), (17, 20), 48), ((17, 20), (16, 20), 0)])
(25, 53, [((13, 2), (12, 2), 22), ((12, 2), (12, 3), 0), ((12, 3), (12, 4), 0), ((12, 4), (12, 5), 0), ((12, 5), (12, 6), 0), ((12, 6), (12, 7), 0), ((12, 7), (11, 7), 0), ((11, 7), (10, 7), 0), ((10, 7), (10, 8), 0), ((10, 8), (10, 9), 0), ((10, 9), (10, 10), 0), ((13, 2), (12, 2), 34), ((12, 2), (11, 2), 0), ((11, 2), (10, 2), 0), ((10, 2), (10, 3), 0), ((10, 3), (9, 3), 0), ((9, 3), (8, 3), 0), ((8, 3), (7, 3), 0), ((13, 2), (14, 2), 42), ((14, 2), (15, 2), 0), ((15, 2), (16, 2), 0), ((16, 2), (17, 2), 0), ((13, 2), (14, 2), 46), ((14, 2), (14, 3), 0), ((14, 3), (14, 4), 0), ((13, 2), (13, 1), 49)])
(23, 36, [((1, 19), (1, 18), 22), ((1, 18), (0, 18), 0), ((0, 18), (0, 17), 0), ((0, 17), (0, 16), 0), ((0, 16), (1, 16), 0), ((1, 16), (2, 16), 0), ((2, 16), (3, 16), 0), ((3, 16), (4, 16), 0), ((4, 16), (4, 15), 0), ((4, 15), (5, 15), 0), ((5, 15), (6, 15), 0), ((1, 19), (1, 18), 33), ((1, 18), (0, 18), 0), ((0, 18), (0, 17), 0), ((0, 17), (0, 16), 0), ((0, 16), (1, 16), 0), ((1, 16), (1, 15), 0), ((1, 15), (1, 14), 0), ((1, 14), (2, 14), 0), ((2, 14), (3, 14), 0), ((3, 14), (4, 14), 0), ((1, 19), (1, 20), 44), ((1, 20), (2, 20), 0), ((2, 20), (2, 21), 0), ((2, 21), (3, 21), 0), ((3, 21), (4, 21), 0), ((4, 21), (5, 21), 0)])
(25, 52, [((13, 14), (13, 15), 24), ((13, 15), (13, 16), 0), ((13, 16), (13, 17), 0), ((13, 17), (12, 17), 0), ((12, 17), (11, 17), 0), ((11, 17), (10, 17), 0), ((10, 17), (9, 17), 0), ((9, 17), (8, 17), 0), ((8, 17), (8, 16), 0), ((8, 16), (8, 15), 0), ((8, 15), (8, 14), 0), ((8, 14), (8, 13), 0), ((13, 14), (13, 15), 36), ((13, 15), (14, 15), 0), ((14, 15), (15, 15), 0), ((15, 15), (15, 16), 0), ((15, 16), (15, 17), 0), ((15, 17), (15, 18), 0), ((15, 18), (16, 18), 0), ((13, 14), (14, 14), 44), ((14, 14), (15, 14), 0), ((15, 14), (16, 14), 0), ((16, 14), (17, 14), 0), ((13, 14), (12, 14), 48), ((12, 14), (11, 14), 0)])
(25, 49, [((11, 0), (11, 1), 20), ((11, 1), (10, 1), 0), ((10, 1), (9, 1), 0), ((9, 1), (9, 2), 0), ((9, 2), (9, 3), 0), ((9, 3), (9, 4), 0), ((9, 4), (9, 5), 0), ((9, 5), (9, 6), 0), ((9, 6), (9, 7), 0), ((9, 7), (9, 8), 0), ((11, 0), (12, 0), 32), ((12, 0), (13, 0), 0), ((13, 0), (13, 1), 0), ((13, 1), (13, 2), 0), ((13, 2), (14, 2), 0), ((14, 2), (15, 2), 0), ((11, 0), (12, 0), 38), ((12, 0), (13, 0), 0), ((13, 0), (14, 0), 0), ((14, 0), (15, 0), 0), ((15, 0), (16, 0), 0), ((11, 0), (11, 1), 44), ((11, 1), (11, 2), 0), ((11, 2), (11, 3), 0), ((11, 3), (12, 3), 0), ((11, 0), (10, 0), 48), ((10, 0), (9, 0), 0)])
(23, 43, [((18, 11), (18, 10), 22), ((18, 10), (17, 10), 0), ((17, 10), (16, 10), 0), ((16, 10), (16, 11), 0), ((16, 11), (16, 12), 0), ((16, 12), (16, 13), 0), ((16, 13), (16, 14), 0), ((16, 14), (17, 14), 0), ((17, 14), (17, 15), 0), ((17, 15), (17, 16), 0), ((17, 16), (17, 17), 0), ((18, 11), (18, 10), 34), ((18, 10), (17, 10), 0), ((17, 10), (17, 9), 0), ((17, 9), (17, 8), 0), ((17, 8), (17, 7), 0), ((17, 7), (17, 6), 0), ((17, 6), (18, 6), 0), ((18, 6), (19, 6), 0), ((18, 11), (18, 10), 44), ((18, 10), (19, 10), 0), ((19, 10), (20, 10), 0), ((20, 10), (20, 11), 0), ((20, 11), (20, 12), 0), ((20, 12), (20, 13), 0)])
(25, 53, [((4, 10), (4, 9), 22), ((4, 9), (3, 9), 0), ((3, 9), (2, 9), 0), ((2, 9), (1, 9), 0), ((1, 9), (1, 10), 0), ((1, 10), (1, 11), 0), ((1, 11), (1, 12), 0), ((1, 12), (1, 13), 0), ((1, 13), (1, 14), 0), ((1, 14), (1, 15), 0), ((1, 15), (1, 16), 0), ((4, 10), (4, 9), 36), ((4, 9), (5, 9), 0), ((5, 9), (6, 9), 0), ((6, 9), (7, 9), 0), ((7, 9), (8, 9), 0), ((8, 9), (8, 8), 0), ((8, 8), (8, 7), 0), ((8, 7), (8, 6), 0), ((4, 10), (4, 11), 44), ((4, 11), (4, 12), 0), ((4, 12), (4, 13), 0), ((4, 13), (5, 13), 0), ((4, 10), (5, 10), 48), ((5, 10), (6, 10), 0)])
(25, 50, [((14, 15), (14, 14), 20), ((14, 14), (14, 13), 0), ((14, 13), (14, 12), 0), ((14, 12), (15, 12), 0), ((15, 12), (15, 11), 0), ((15, 11), (15, 10), 0), ((15, 10), (15, 9), 0), ((15, 9), (15, 8), 0), ((15, 8), (14, 8), 0), ((14, 8), (13, 8), 0), ((14, 15), (14, 14), 34), ((14, 14), (13, 14), 0), ((13, 14), (13, 13), 0), ((13, 13), (12, 13), 0), ((12, 13), (11, 13), 0), ((11, 13), (10, 13), 0), ((10, 13), (9, 13), 0), ((9, 13), (8, 13), 0), ((14, 15), (15, 15), 42), ((15, 15), (15, 16), 0), ((15, 16), (15, 17), 0), ((15, 17), (15, 18), 0), ((14, 15), (15, 15), 46), ((15, 15), (16, 15), 0), ((16, 15), (17, 15), 0), ((14, 15), (14, 16), 49)])
(24, 41, [((3, 3), (3, 2), 26), ((3, 2), (4, 2), 0), ((4, 2), (5, 2), 0), ((5, 2), (6, 2), 0), ((6, 2), (6, 1), 0), ((6, 1), (7, 1), 0), ((7, 1), (8, 1), 0), ((8, 1), (9, 1), 0), ((9, 1), (10, 1), 0), ((10, 1), (10, 2), 0), ((10, 2), (11, 2), 0), ((11, 2), (12, 2), 0), ((12, 2), (13, 2), 0), ((3, 3), (3, 2), 39), ((3, 2), (3, 1), 0), ((3, 1), (2, 1), 0), ((2, 1), (2, 0), 0), ((2, 0), (1, 0), 0), ((1, 0), (0, 0), 0), ((0, 0), (0, 1), 0), ((3, 3), (4, 3), 46), ((4, 3), (4, 4), 0), ((4, 4), (5, 4), 0), ((5, 4), (6, 4), 0)])
(20, 28, [((1, 16), (1, 17), 26), ((1, 17), (2, 17), 0), ((2, 17), (3, 17), 0), ((3, 17), (3, 16), 0), ((3, 16), (4, 16), 0), ((4, 16), (5, 16), 0), ((5, 16), (6, 16), 0), ((6, 16), (7, 16), 0), ((7, 16), (8, 16), 0), ((8, 16), (8, 15), 0), ((8, 15), (8, 14), 0), ((8, 14), (9, 14), 0), ((9, 14), (10, 14), 0), ((1, 16), (1, 17), 39), ((1, 17), (2, 17), 0), ((2, 17), (3, 17), 0), ((3, 17), (3, 16), 0), ((3, 16), (3, 15), 0), ((3, 15), (4, 15), 0), ((4, 15), (5, 15), 0), ((5, 15), (6, 15), 0), ((6, 15), (7, 15), 0), ((7, 15), (7, 14), 0), ((1, 16), (1, 17), 49)])
(25, 61, [((4, 19), (4, 18), 24), ((4, 18), (4, 17), 0), ((4, 17), (5, 17), 0), ((5, 17), (6, 17), 0), ((6, 17), (7, 17), 0), ((7, 17), (8, 17), 0), ((8, 17), (9, 17), 0), ((9, 17), (10, 17), 0), ((10, 17), (11, 17), 0), ((11, 17), (11, 18), 0), ((11, 18), (11, 19), 0), ((11, 19), (11, 20), 0), ((4, 19), (4, 18), 36), ((4, 18), (4, 17), 0), ((4, 17), (4, 16), 0), ((4, 16), (4, 15), 0), ((4, 15), (3, 15), 0), ((3, 15), (2, 15), 0), ((2, 15), (1, 15), 0), ((1, 15), (1, 14), 0), ((4, 19), (3, 19), 44), ((3, 19), (3, 20), 0), ((3, 20), (2, 20), 0), ((2, 20), (1, 20), 0), ((4, 19), (5, 19), 48), ((5, 19), (6, 19), 0)])
(25, 60, [((8, 3), (7, 3), 22), ((7, 3), (6, 3), 0), ((6, 3), (6, 4), 0), ((6, 4), (6, 5), 0), ((6, 5), (6, 6), 0), ((6, 6), (6, 7), 0), ((6, 7), (6, 8), 0), ((6, 8), (6, 9), 0), ((6, 9), (6, 10), 0), ((6, 10), (7, 10), 0), ((7, 10), (8, 10), 0), ((8, 3), (7, 3), 36), ((7, 3), (7, 2), 0), ((7, 2), (7, 1), 0), ((7, 1), (6, 1), 0), ((6, 1), (5, 1), 0), ((5, 1), (4, 1), 0), ((4, 1), (3, 1), 0), ((3, 1), (2, 1), 0), ((8, 3), (8, 4), 44), ((8, 4), (9, 4), 0), ((9, 4), (9, 5), 0), ((9, 5), (9, 6), 0), ((8, 3), (9, 3), 48), ((9, 3), (10, 3), 0)])
(25, 58, [((10, 14), (9, 14), 22), ((9, 14), (9, 13), 0), ((9, 13), (9, 12), 0), ((9, 12), (9, 11), 0), ((9, 11), (9, 10), 0), ((9, 10), (9, 9), 0), ((9, 9), (10, 9), 0), ((10, 9), (11, 9), 0), ((11, 9), (12, 9), 0), ((12, 9), (13, 9), 0), ((13, 9), (14, 9), 0), ((10, 14), (9, 14), 34), ((9, 14), (8, 14), 0), ((8, 14), (7, 14), 0), ((7, 14), (6, 14), 0), ((6, 14), (5, 14), 0), ((5, 14), (4, 14), 0), ((4, 14), (4, 15), 0), ((10, 14), (9, 14), 41), ((9, 14), (8, 14), 0), ((8, 14), (8, 15), 0), ((8, 15), (8, 16), 0), ((8, 16), (7, 16), 0), ((10, 14), (11, 14), 46), ((11, 14), (12, 14), 0), ((12, 14), (13, 14), 0), ((10, 14), (10, 15), 49)])
(24, 49, [((12, 2), (11, 2), 24), ((11, 2), (10, 2), 0), ((10, 2), (10, 3), 0), ((10, 3), (9, 3), 0), ((9, 3), (9, 4), 0), ((9, 4), (9, 5), 0), ((9, 5), (9, 6), 0), ((9, 6), (9, 7), 0), ((9, 7), (9, 8), 0), ((9, 8), (9, 9), 0), ((9, 9), (9, 10), 0), ((9, 10), (9, 11), 0), ((12, 2), (11, 2), 36), ((11, 2), (10, 2), 0), ((10, 2), (9, 2), 0), ((9, 2), (8, 2), 0), ((8, 2), (7, 2), 0), ((7, 2), (7, 3), 0), ((7, 3), (6, 3), 0), ((6, 3), (6, 4), 0), ((12, 2), (12, 3), 44), ((12, 3), (12, 4), 0), ((12, 4), (11, 4), 0), ((11, 4), (11, 5), 0), ((12, 2), (12, 3), 48), ((12, 3), (13, 3), 0)])
(25, 48, [((5, 17), (4, 17), 24), ((4, 17), (4, 16), 0), ((4, 16), (4, 15), 0), ((4, 15), (4, 14), 0), ((4, 14), (4, 13), 0), ((4, 13), (5, 13), 0), ((5, 13), (6, 13), 0), ((6, 13), (7, 13), 0), ((7, 13), (8, 13), 0), ((8, 13), (9, 13), 0), ((9, 13), (10, 13), 0), ((10, 13), (10, 12), 0), ((5, 17), (4, 17), 36), ((4, 17), (4, 16), 0), ((4, 16), (3, 16), 0), ((3, 16), (2, 16), 0), ((2, 16), (1, 16), 0), ((1, 16), (0, 16), 0), ((0, 16), (0, 15), 0), ((0, 15), (0, 14), 0), ((5, 17), (6, 17), 44), ((6, 17), (7, 17), 0), ((7, 17), (8, 17), 0), ((8, 17), (9, 17), 0), ((5, 17), (5, 16), 48), ((5, 16), (6, 16), 0)])
(25, 39, [((19, 16), (18, 16), 26), ((18, 16), (17, 16), 0), ((17, 16), (17, 15), 0), ((17, 15), (17, 14), 0), ((17, 14), (17, 13), 0), ((17, 13), (17, 12), 0), ((17, 12), (17, 11), 0), ((17, 11), (17, 10), 0), ((17, 10), (17, 9), 0), ((17, 9), (17, 8), 0), ((17, 8), (18, 8), 0), ((18, 8), (18, 7), 0), ((18, 7), (18, 6), 0), ((19, 16), (20, 16), 39), ((20, 16), (21, 16), 0), ((21, 16), (21, 15), 0), ((21, 15), (21, 14), 0), ((21, 14), (20, 14), 0), ((20, 14), (20, 13), 0), ((19, 16), (19, 17), 45), ((19, 17), (18, 17), 0), ((18, 17), (17, 17), 0), ((19, 16), (19, 15), 48), ((19, 15), (18, 15), 0)])
(25, 55, [((4, 2), (5, 2), 22), ((5, 2), (5, 3), 0), ((5, 3), (5, 4), 0), ((5, 4), (6, 4), 0), ((6, 4), (7, 4), 0), ((7, 4), (8, 4), 0), ((8, 4), (9, 4), 0), ((9, 4), (10, 4), 0), ((10, 4), (11, 4), 0), ((11, 4), (12, 4), 0), ((12, 4), (13, 4), 0), ((4, 2), (5, 2), 33), ((5, 2), (5, 3), 0), ((5, 3), (5, 4), 0), ((5, 4), (5, 5), 0), ((5, 5), (4, 5), 0), ((4, 5), (3, 5), 0), ((3, 5), (2, 5), 0), ((2, 5), (1, 5), 0), ((4, 2), (5, 2), 41), ((5, 2), (6, 2), 0), ((6, 2), (7, 2), 0), ((7, 2), (7, 1), 0), ((7, 1), (7, 0), 0), ((4, 2), (3, 2), 46), ((3, 2), (2, 2), 0), ((2, 2), (1, 2), 0), ((4, 2), (4, 1), 49)])
(25, 56, [((5, 12), (6, 12), 26), ((6, 12), (7, 12), 0), ((7, 12), (8, 12), 0), ((8, 12), (9, 12), 0), ((9, 12), (9, 11), 0), ((9, 11), (9, 10), 0), ((9, 10), (9, 9), 0), ((9, 9), (9, 8), 0), ((9, 8), (9, 7), 0), ((9, 7), (9, 6), 0), ((9, 6), (10, 6), 0), ((10, 6), (11, 6), 0), ((11, 6), (12, 6), 0), ((5, 12), (4, 12), 39), ((4, 12), (3, 12), 0), ((3, 12), (2, 12), 0), ((2, 12), (1, 12), 0), ((1, 12), (1, 11), 0), ((1, 11), (1, 10), 0), ((5, 12), (5, 11), 45), ((5, 11), (5, 10), 0), ((5, 10), (5, 9), 0), ((5, 12), (5, 13), 48), ((5, 13), (6, 13), 0)])
(25, 54, [((2, 11), (2, 10), 20), ((2, 10), (3, 10), 0), ((3, 10), (4, 10), 0), ((4, 10), (5, 10), 0), ((5, 10), (6, 10), 0), ((6, 10), (7, 10), 0), ((7, 10), (8, 10), 0), ((8, 10), (9, 10), 0), ((9, 10), (9, 11), 0), ((9, 11), (8, 11), 0), ((2, 11), (1, 11), 34), ((1, 11), (1, 12), 0), ((1, 12), (1, 13), 0), ((1, 13), (1, 14), 0), ((1, 14), (1, 15), 0), ((1, 15), (1, 16), 0), ((1, 16), (1, 17), 0), ((2, 11), (2, 10), 41), ((2, 10), (1, 10), 0), ((1, 10), (1, 9), 0), ((1, 9), (1, 8), 0), ((2, 11), (2, 10), 45), ((2, 10), (2, 9), 0), ((2, 9), (3, 9), 0), ((2, 11), (3, 11), 48), ((3, 11), (3, 12), 0)])
(25, 52, [((3, 14), (3, 13), 22), ((3, 13), (3, 12), 0), ((3, 12), (3, 11), 0), ((3, 11), (4, 11), 0), ((4, 11), (5, 11), 0), ((5, 11), (5, 10), 0), ((5, 10), (5, 9), 0), ((5, 9), (5, 8), 0), ((5, 8), (5, 7), 0), ((5, 7), (6, 7), 0), ((6, 7), (7, 7), 0), ((3, 14), (3, 13), 36), ((3, 13), (2, 13), 0), ((2, 13), (1, 13), 0), ((1, 13), (1, 12), 0), ((1, 12), (1, 11), 0), ((1, 11), (1, 10), 0), ((1, 10), (1, 9), 0), ((1, 9), (1, 8), 0), ((3, 14), (3, 15), 44), ((3, 15), (4, 15), 0), ((4, 15), (4, 16), 0), ((4, 16), (5, 16), 0), ((3, 14), (2, 14), 48), ((2, 14), (1, 14), 0)])
(25, 41, [((5, 6), (5, 7), 18), ((5, 7), (4, 7), 0), ((4, 7), (3, 7), 0), ((3, 7), (2, 7), 0), ((2, 7), (2, 8), 0), ((2, 8), (1, 8), 0), ((1, 8), (1, 9), 0), ((1, 9), (1, 10), 0), ((1, 10), (1, 11), 0), ((5, 6), (5, 7), 28), ((5, 7), (4, 7), 0), ((4, 7), (3, 7), 0), ((3, 7), (3, 6), 0), ((3, 6), (2, 6), 0), ((2, 6), (1, 6), 0), ((1, 6), (0, 6), 0), ((0, 6), (0, 5), 0), ((5, 6), (5, 7), 38), ((5, 7), (6, 7), 0), ((6, 7), (7, 7), 0), ((7, 7), (8, 7), 0), ((8, 7), (9, 7), 0), ((9, 7), (9, 6), 0), ((5, 6), (5, 7), 44), ((5, 7), (5, 8), 0), ((5, 8), (6, 8), 0), ((6, 8), (6, 9), 0), ((5, 6), (6, 6), 48), ((6, 6), (6, 5), 0)])
(25, 53, [((1, 8), (2, 8), 20), ((2, 8), (3, 8), 0), ((3, 8), (4, 8), 0), ((4, 8), (4, 9), 0), ((4, 9), (4, 10), 0), ((4, 10), (4, 11), 0), ((4, 11), (4, 12), 0), ((4, 12), (4, 13), 0), ((4, 13), (4, 14), 0), ((4, 14), (4, 15), 0), ((1, 8), (2, 8), 32), ((2, 8), (3, 8), 0), ((3, 8), (4, 8), 0), ((4, 8), (4, 7), 0), ((4, 7), (5, 7), 0), ((5, 7), (6, 7), 0), ((6, 7), (7, 7), 0), ((7, 7), (7, 8), 0), ((7, 8), (7, 9), 0), ((1, 8), (1, 9), 42), ((1, 9), (1, 10), 0), ((1, 10), (1, 11), 0), ((1, 11), (1, 12), 0), ((1, 12), (1, 13), 0), ((1, 8), (1, 7), 47), ((1, 7), (1, 6), 0), ((1, 8), (0, 8), 49)])
(25, 55, [((5, 15), (6, 15), 22), ((6, 15), (6, 14), 0), ((6, 14), (7, 14), 0), ((7, 14), (8, 14), 0), ((8, 14), (9, 14), 0), ((9, 14), (10, 14), 0), ((10, 14), (11, 14), 0), ((11, 14), (12, 14), 0), ((12, 14), (13, 14), 0), ((13, 14), (14, 14), 0), ((14, 14), (15, 14), 0), ((5, 15), (6, 15), 34), ((6, 15), (6, 14), 0), ((6, 14), (6, 13), 0), ((6, 13), (6, 12), 0), ((6, 12), (5, 12), 0), ((5, 12), (4, 12), 0), ((4, 12), (3, 12), 0), ((3, 12), (2, 12), 0), ((5, 15), (6, 15), 42), ((6, 15), (7, 15), 0), ((7, 15), (7, 16), 0), ((7, 16), (8, 16), 0), ((8, 16), (8, 17), 0), ((5, 15), (5, 16), 47), ((5, 16), (6, 16), 0), ((5, 15), (4, 15), 49)])
(25, 58, [((10, 2), (10, 1), 24), ((10, 1), (11, 1), 0), ((11, 1), (12, 1), 0), ((12, 1), (13, 1), 0), ((13, 1), (14, 1), 0), ((14, 1), (14, 2), 0), ((14, 2), (14, 3), 0), ((14, 3), (14, 4), 0), ((14, 4), (14, 5), 0), ((14, 5), (14, 6), 0), ((14, 6), (14, 7), 0), ((14, 7), (14, 8), 0), ((10, 2), (10, 3), 36), ((10, 3), (9, 3), 0), ((9, 3), (8, 3), 0), ((8, 3), (7, 3), 0), ((7, 3), (6, 3), 0), ((6, 3), (5, 3), 0), ((10, 2), (10, 3), 42), ((10, 3), (11, 3), 0), ((11, 3), (11, 4), 0), ((11, 4), (11, 5), 0), ((10, 2), (10, 1), 46), ((10, 1), (9, 1), 0), ((9, 1), (8, 1), 0), ((10, 2), (11, 2), 49)])
(25, 46, [((13, 9), (14, 9), 18), ((14, 9), (14, 8), 0), ((14, 8), (14, 7), 0), ((14, 7), (14, 6), 0), ((14, 6), (14, 5), 0), ((14, 5), (14, 4), 0), ((14, 4), (13, 4), 0), ((13, 4), (13, 3), 0), ((13, 3), (13, 2), 0), ((13, 9), (14, 9), 32), ((14, 9), (14, 10), 0), ((14, 10), (14, 11), 0), ((14, 11), (14, 12), 0), ((14, 12), (14, 13), 0), ((14, 13), (15, 13), 0), ((15, 13), (16, 13), 0), ((16, 13), (17, 13), 0), ((13, 9), (14, 9), 40), ((14, 9), (14, 10), 0), ((14, 10), (15, 10), 0), ((15, 10), (16, 10), 0), ((16, 10), (17, 10), 0), ((17, 10), (17, 11), 0), ((13, 9), (13, 10), 46), ((13, 10), (13, 11), 0), ((13, 11), (12, 11), 0), ((13, 9), (12, 9), 49)])
(25, 52, [((9, 13), (10, 13), 24), ((10, 13), (11, 13), 0), ((11, 13), (12, 13), 0), ((12, 13), (13, 13), 0), ((13, 13), (13, 12), 0), ((13, 12), (13, 11), 0), ((13, 11), (13, 10), 0), ((13, 10), (14, 10), 0), ((14, 10), (15, 10), 0), ((15, 10), (15, 9), 0), ((15, 9), (15, 8), 0), ((15, 8), (15, 7), 0), ((9, 13), (8, 13), 36), ((8, 13), (7, 13), 0), ((7, 13), (7, 12), 0), ((7, 12), (6, 12), 0), ((6, 12), (5, 12), 0), ((5, 12), (4, 12), 0), ((9, 13), (8, 13), 42), ((8, 13), (8, 12), 0), ((8, 12), (8, 11), 0), ((8, 11), (8, 10), 0), ((9, 13), (10, 13), 46), ((10, 13), (10, 12), 0), ((10, 12), (10, 11), 0), ((9, 13), (9, 14), 49)])
(25, 60, [((21, 12), (20, 12), 22), ((20, 12), (19, 12), 0), ((19, 12), (19, 13), 0), ((19, 13), (19, 14), 0), ((19, 14), (19, 15), 0), ((19, 15), (18, 15), 0), ((18, 15), (17, 15), 0), ((17, 15), (16, 15), 0), ((16, 15), (15, 15), 0), ((15, 15), (14, 15), 0), ((14, 15), (13, 15), 0), ((21, 12), (20, 12), 34), ((20, 12), (19, 12), 0), ((19, 12), (18, 12), 0), ((18, 12), (17, 12), 0), ((17, 12), (16, 12), 0), ((16, 12), (15, 12), 0), ((15, 12), (14, 12), 0), ((14, 12), (13, 12), 0), ((21, 12), (21, 13), 42), ((21, 13), (21, 14), 0), ((21, 14), (21, 15), 0), ((21, 15), (21, 16), 0), ((21, 12), (20, 12), 46), ((20, 12), (20, 11), 0), ((20, 11), (20, 10), 0), ((21, 12), (22, 12), 49)])
(25, 51, [((21, 3), (21, 4), 26), ((21, 4), (21, 5), 0), ((21, 5), (20, 5), 0), ((20, 5), (19, 5), 0), ((19, 5), (19, 6), 0), ((19, 6), (19, 7), 0), ((19, 7), (19, 8), 0), ((19, 8), (19, 9), 0), ((19, 9), (18, 9), 0), ((18, 9), (17, 9), 0), ((17, 9), (16, 9), 0), ((16, 9), (15, 9), 0), ((15, 9), (14, 9), 0), ((21, 3), (20, 3), 39), ((20, 3), (19, 3), 0), ((19, 3), (19, 4), 0), ((19, 4), (18, 4), 0), ((18, 4), (17, 4), 0), ((17, 4), (17, 5), 0), ((21, 3), (22, 3), 45), ((22, 3), (22, 2), 0), ((22, 2), (22, 1), 0), ((21, 3), (21, 2), 48), ((21, 2), (21, 1), 0)])
(23, 37, [((17, 5), (17, 6), 24), ((17, 6), (17, 7), 0), ((17, 7), (17, 8), 0), ((17, 8), (16, 8), 0), ((16, 8), (15, 8), 0), ((15, 8), (15, 7), 0), ((15, 7), (15, 6), 0), ((15, 6), (14, 6), 0), ((14, 6), (13, 6), 0), ((13, 6), (12, 6), 0), ((12, 6), (12, 5), 0), ((12, 5), (12, 4), 0), ((17, 5), (17, 6), 36), ((17, 6), (17, 7), 0), ((17, 7), (17, 8), 0), ((17, 8), (16, 8), 0), ((16, 8), (16, 9), 0), ((16, 9), (16, 10), 0), ((16, 10), (16, 11), 0), ((16, 11), (15, 11), 0), ((15, 11), (14, 11), 0), ((14, 11), (14, 12), 0), ((17, 5), (16, 5), 46), ((16, 5), (16, 4), 0), ((16, 4), (16, 3), 0), ((16, 3), (17, 3), 0)])
(25, 46, [((12, 17), (12, 16), 20), ((12, 16), (13, 16), 0), ((13, 16), (14, 16), 0), ((14, 16), (15, 16), 0), ((15, 16), (15, 15), 0), ((15, 15), (15, 14), 0), ((15, 14), (15, 13), 0), ((15, 13), (15, 12), 0), ((15, 12), (16, 12), 0), ((16, 12), (17, 12), 0), ((12, 17), (12, 16), 30), ((12, 16), (13, 16), 0), ((13, 16), (14, 16), 0), ((14, 16), (15, 16), 0), ((15, 16), (16, 16), 0), ((16, 16), (17, 16), 0), ((17, 16), (17, 15), 0), ((17, 15), (17, 14), 0), ((17, 14), (18, 14), 0), ((12, 17), (11, 17), 40), ((11, 17), (10, 17), 0), ((10, 17), (10, 16), 0), ((10, 16), (9, 16), 0), ((9, 16), (8, 16), 0), ((12, 17), (12, 16), 45), ((12, 16), (11, 16), 0), ((11, 16), (11, 15), 0), ((12, 17), (13, 17), 48), ((13, 17), (14, 17), 0)])
(25, 54, [((5, 1), (6, 1), 22), ((6, 1), (6, 2), 0), ((6, 2), (6, 3), 0), ((6, 3), (6, 4), 0), ((6, 4), (6, 5), 0), ((6, 5), (6, 6), 0), ((6, 6), (6, 7), 0), ((6, 7), (6, 8), 0), ((6, 8), (6, 9), 0), ((6, 9), (6, 10), 0), ((6, 10), (5, 10), 0), ((5, 1), (6, 1), 36), ((6, 1), (7, 1), 0), ((7, 1), (8, 1), 0), ((8, 1), (9, 1), 0), ((9, 1), (10, 1), 0), ((10, 1), (10, 2), 0), ((10, 2), (10, 3), 0), ((10, 3), (10, 4), 0), ((5, 1), (4, 1), 44), ((4, 1), (4, 2), 0), ((4, 2), (4, 3), 0), ((4, 3), (4, 4), 0), ((5, 1), (5, 0), 48), ((5, 0), (4, 0), 0)])
(25, 50, [((13, 1), (13, 2), 24), ((13, 2), (13, 3), 0), ((13, 3), (13, 4), 0), ((13, 4), (13, 5), 0), ((13, 5), (14, 5), 0), ((14, 5), (15, 5), 0), ((15, 5), (16, 5), 0), ((16, 5), (17, 5), 0), ((17, 5), (18, 5), 0), ((18, 5), (19, 5), 0), ((19, 5), (20, 5), 0), ((20, 5), (20, 6), 0), ((13, 1), (13, 2), 36), ((13, 2), (14, 2), 0), ((14, 2), (15, 2), 0), ((15, 2), (16, 2), 0), ((16, 2), (17, 2), 0), ((17, 2), (18, 2), 0), ((18, 2), (18, 1), 0), ((13, 1), (13, 0), 44), ((13, 0), (14, 0), 0), ((14, 0), (15, 0), 0), ((15, 0), (16, 0), 0), ((13, 1), (12, 1), 48), ((12, 1), (12, 0), 0)])
(24, 35, [((0, 18), (0, 17), 22), ((0, 17), (0, 16), 0), ((0, 16), (0, 15), 0), ((0, 15), (1, 15), 0), ((1, 15), (1, 14), 0), ((1, 14), (1, 13), 0), ((1, 13), (1, 12), 0), ((1, 12), (2, 12), 0), ((2, 12), (2, 11), 0), ((2, 11), (2, 10), 0), ((2, 10), (2, 9), 0), ((0, 18), (0, 17), 34), ((0, 17), (0, 16), 0), ((0, 16), (0, 15), 0), ((0, 15), (0, 14), 0), ((0, 14), (1, 14), 0), ((1, 14), (2, 14), 0), ((2, 14), (2, 13), 0), ((2, 13), (3, 13), 0), ((3, 13), (4, 13), 0), ((4, 13), (4, 12), 0), ((0, 18), (1, 18), 44), ((1, 18), (1, 17), 0), ((1, 17), (2, 17), 0), ((2, 17), (3, 17), 0), ((3, 17), (3, 16), 0), ((0, 18), (0, 19), 49)])
(24, 48, [((6, 15), (7, 15), 24), ((7, 15), (8, 15), 0), ((8, 15), (9, 15), 0), ((9, 15), (10, 15), 0), ((10, 15), (11, 15), 0), ((11, 15), (12, 15), 0), ((12, 15), (12, 14), 0), ((12, 14), (13, 14), 0), ((13, 14), (14, 14), 0), ((14, 14), (15, 14), 0), ((15, 14), (16, 14), 0), ((16, 14), (16, 15), 0), ((6, 15), (7, 15), 36), ((7, 15), (8, 15), 0), ((8, 15), (8, 14), 0), ((8, 14), (8, 13), 0), ((8, 13), (8, 12), 0), ((8, 12), (9, 12), 0), ((9, 12), (10, 12), 0), ((10, 12), (10, 11), 0), ((6, 15), (6, 16), 44), ((6, 16), (5, 16), 0), ((5, 16), (4, 16), 0), ((4, 16), (3, 16), 0), ((6, 15), (7, 15), 48), ((7, 15), (7, 16), 0)])
(24, 52, [((11, 11), (12, 11), 26), ((12, 11), (12, 10), 0), ((12, 10), (12, 9), 0), ((12, 9), (12, 8), 0), ((12, 8), (12, 7), 0), ((12, 7), (12, 6), 0), ((12, 6), (12, 5), 0), ((12, 5), (12, 4), 0), ((12, 4), (11, 4), 0), ((11, 4), (10, 4), 0), ((10, 4), (9, 4), 0), ((9, 4), (9, 5), 0), ((9, 5), (9, 6), 0), ((11, 11), (12, 11), 39), ((12, 11), (12, 12), 0), ((12, 12), (12, 13), 0), ((12, 13), (11, 13), 0), ((11, 13), (10, 13), 0), ((10, 13), (9, 13), 0), ((9, 13), (9, 12), 0), ((11, 11), (11, 10), 46), ((11, 10), (11, 9), 0), ((11, 9), (11, 8), 0), ((11, 8), (11, 7), 0)])
(25, 52, [((4, 17), (3, 17), 24), ((3, 17), (2, 17), 0), ((2, 17), (1, 17), 0), ((1, 17), (1, 16), 0), ((1, 16), (1, 15), 0), ((1, 15), (1, 14), 0), ((1, 14), (1, 13), 0), ((1, 13), (1, 12), 0), ((1, 12), (1, 11), 0), ((1, 11), (2, 11), 0), ((2, 11), (3, 11), 0), ((3, 11), (4, 11), 0), ((4, 17), (5, 17), 38), ((5, 17), (6, 17), 0), ((6, 17), (6, 16), 0), ((6, 16), (6, 15), 0), ((6, 15), (6, 14), 0), ((6, 14), (7, 14), 0), ((7, 14), (8, 14), 0), ((4, 17), (4, 16), 45), ((4, 16), (4, 15), 0), ((4, 15), (4, 14), 0), ((4, 17), (4, 18), 48), ((4, 18), (5, 18), 0)])
(24, 48, [((1, 13), (1, 12), 20), ((1, 12), (1, 11), 0), ((1, 11), (2, 11), 0), ((2, 11), (3, 11), 0), ((3, 11), (4, 11), 0), ((4, 11), (5, 11), 0), ((5, 11), (6, 11), 0), ((6, 11), (7, 11), 0), ((7, 11), (8, 11), 0), ((8, 11), (8, 12), 0), ((1, 13), (1, 12), 30), ((1, 12), (1, 11), 0), ((1, 11), (2, 11), 0), ((2, 11), (3, 11), 0), ((3, 11), (3, 10), 0), ((3, 10), (3, 9), 0), ((3, 9), (3, 8), 0), ((3, 8), (4, 8), 0), ((4, 8), (5, 8), 0), ((1, 13), (1, 12), 39), ((1, 12), (1, 11), 0), ((1, 11), (1, 10), 0), ((1, 10), (1, 9), 0), ((1, 9), (1, 8), 0), ((1, 8), (0, 8), 0), ((1, 13), (2, 13), 46), ((2, 13), (2, 14), 0), ((2, 14), (2, 15), 0), ((2, 15), (2, 16), 0)])
(25, 51, [((13, 1), (14, 1), 24), ((14, 1), (15, 1), 0), ((15, 1), (15, 2), 0), ((15, 2), (16, 2), 0), ((16, 2), (17, 2), 0), ((17, 2), (18, 2), 0), ((18, 2), (18, 3), 0), ((18, 3), (18, 4), 0), ((18, 4), (18, 5), 0), ((18, 5), (18, 6), 0), ((18, 6), (18, 7), 0), ((18, 7), (18, 8), 0), ((13, 1), (12, 1), 38), ((12, 1), (12, 2), 0), ((12, 2), (12, 3), 0), ((12, 3), (11, 3), 0), ((11, 3), (10, 3), 0), ((10, 3), (9, 3), 0), ((9, 3), (8, 3), 0), ((13, 1), (13, 0), 45), ((13, 0), (14, 0), 0), ((14, 0), (15, 0), 0), ((13, 1), (13, 2), 48), ((13, 2), (14, 2), 0)])
(25, 52, [((17, 11), (16, 11), 24), ((16, 11), (15, 11), 0), ((15, 11), (14, 11), 0), ((14, 11), (13, 11), 0), ((13, 11), (13, 10), 0), ((13, 10), (13, 9), 0), ((13, 9), (12, 9), 0), ((12, 9), (11, 9), 0), ((11, 9), (10, 9), 0), ((10, 9), (9, 9), 0), ((9, 9), (8, 9), 0), ((8, 9), (8, 8), 0), ((17, 11), (16, 11), 36), ((16, 11), (15, 11), 0), ((15, 11), (15, 12), 0), ((15, 12), (14, 12), 0), ((14, 12), (14, 13), 0), ((14, 13), (14, 14), 0), ((14, 14), (14, 15), 0), ((14, 15), (14, 16), 0), ((17, 11), (18, 11), 44), ((18, 11), (18, 10), 0), ((18, 10), (18, 9), 0), ((18, 9), (17, 9), 0), ((17, 11), (17, 12), 48), ((17, 12), (17, 13), 0)])
(25, 47, [((1, 12), (2, 12), 22), ((2, 12), (2, 11), 0), ((2, 11), (3, 11), 0), ((3, 11), (4, 11), 0), ((4, 11), (4, 10), 0), ((4, 10), (4, 9), 0), ((4, 9), (4, 8), 0), ((4, 8), (4, 7), 0), ((4, 7), (4, 6), 0), ((4, 6), (4, 5), 0), ((4, 5), (4, 4), 0), ((1, 12), (2, 12), 36), ((2, 12), (2, 13), 0), ((2, 13), (2, 14), 0), ((2, 14), (3, 14), 0), ((3, 14), (4, 14), 0), ((4, 14), (5, 14), 0), ((5, 14), (5, 15), 0), ((5, 15), (5, 16), 0), ((1, 12), (0, 12), 44), ((0, 12), (0, 13), 0), ((0, 13), (0, 14), 0), ((0, 14), (0, 15), 0), ((1, 12), (1, 11), 48), ((1, 11), (0, 11), 0)])
(24, 47, [((8, 18), (9, 18), 24), ((9, 18), (10, 18), 0), ((10, 18), (11, 18), 0), ((11, 18), (11, 17), 0), ((11, 17), (11, 16), 0), ((11, 16), (11, 15), 0), ((11, 15), (11, 14), 0), ((11, 14), (11, 13), 0), ((11, 13), (11, 12), 0), ((11, 12), (11, 11), 0), ((11, 11), (11, 10), 0), ((11, 10), (11, 9), 0), ((8, 18), (9, 18), 36), ((9, 18), (10, 18), 0), ((10, 18), (10, 19), 0), ((10, 19), (11, 19), 0), ((11, 19), (12, 19), 0), ((12, 19), (13, 19), 0), ((13, 19), (14, 19), 0), ((14, 19), (15, 19), 0), ((8, 18), (9, 18), 44), ((9, 18), (9, 17), 0), ((9, 17), (9, 16), 0), ((9, 16), (9, 15), 0), ((9, 15), (9, 14), 0), ((8, 18), (8, 17), 49)])
(25, 55, [((11, 14), (10, 14), 22), ((10, 14), (9, 14), 0), ((9, 14), (9, 13), 0), ((9, 13), (9, 12), 0), ((9, 12), (9, 11), 0), ((9, 11), (8, 11), 0), ((8, 11), (7, 11), 0), ((7, 11), (6, 11), 0), ((6, 11), (6, 10), 0), ((6, 10), (6, 9), 0), ((6, 9), (6, 8), 0), ((11, 14), (10, 14), 33), ((10, 14), (9, 14), 0), ((9, 14), (8, 14), 0), ((8, 14), (8, 15), 0), ((8, 15), (8, 16), 0), ((8, 16), (8, 17), 0), ((8, 17), (7, 17), 0), ((11, 14), (12, 14), 40), ((12, 14), (13, 14), 0), ((13, 14), (14, 14), 0), ((14, 14), (15, 14), 0), ((11, 14), (10, 14), 44), ((10, 14), (10, 15), 0), ((10, 15), (10, 16), 0), ((11, 14), (11, 13), 48), ((11, 13), (11, 12), 0)])
(25, 54, [((0, 8), (1, 8), 22), ((1, 8), (2, 8), 0), ((2, 8), (3, 8), 0), ((3, 8), (4, 8), 0), ((4, 8), (5, 8), 0), ((5, 8), (5, 7), 0), ((5, 7), (5, 6), 0), ((5, 6), (5, 5), 0), ((5, 5), (5, 4), 0), ((5, 4), (5, 3), 0), ((5, 3), (5, 2), 0), ((0, 8), (1, 8), 33), ((1, 8), (2, 8), 0), ((2, 8), (3, 8), 0), ((3, 8), (3, 9), 0), ((3, 9), (3, 10), 0), ((3, 10), (3, 11), 0), ((3, 11), (3, 12), 0), ((3, 12), (2, 12), 0), ((0, 8), (1, 8), 41), ((1, 8), (1, 7), 0), ((1, 7), (1, 6), 0), ((1, 6), (1, 5), 0), ((1, 5), (1, 4), 0), ((0, 8), (0, 9), 46), ((0, 9), (0, 10), 0), ((0, 10), (0, 11), 0), ((0, 8), (0, 7), 49)])
(25, 54, [((16, 5), (16, 6), 24), ((16, 6), (16, 7), 0), ((16, 7), (15, 7), 0), ((15, 7), (14, 7), 0), ((14, 7), (13, 7), 0), ((13, 7), (12, 7), 0), ((12, 7), (12, 8), 0), ((12, 8), (12, 9), 0), ((12, 9), (12, 10), 0), ((12, 10), (11, 10), 0), ((11, 10), (10, 10), 0), ((10, 10), (9, 10), 0), ((16, 5), (16, 6), 36), ((16, 6), (16, 7), 0), ((16, 7), (17, 7), 0), ((17, 7), (17, 8), 0), ((17, 8), (17, 9), 0), ((17, 9), (17, 10), 0), ((17, 10), (17, 11), 0), ((17, 11), (17, 12), 0), ((16, 5), (16, 4), 44), ((16, 4), (16, 3), 0), ((16, 3), (16, 2), 0), ((16, 2), (15, 2), 0), ((16, 5), (17, 5), 48), ((17, 5), (18, 5), 0)])
(24, 45, [((16, 19), (16, 18), 24), ((16, 18), (16, 17), 0), ((16, 17), (17, 17), 0), ((17, 17), (17, 16), 0), ((17, 16), (17, 15), 0), ((17, 15), (17, 14), 0), ((17, 14), (17, 13), 0), ((17, 13), (16, 13), 0), ((16, 13), (15, 13), 0), ((15, 13), (14, 13), 0), ((14, 13), (13, 13), 0), ((13, 13), (12, 13), 0), ((16, 19), (16, 18), 38), ((16, 18), (15, 18), 0), ((15, 18), (14, 18), 0), ((14, 18), (14, 17), 0), ((14, 17), (13, 17), 0), ((13, 17), (12, 17), 0), ((12, 17), (11, 17), 0), ((11, 17), (10, 17), 0), ((16, 19), (17, 19), 46), ((17, 19), (18, 19), 0), ((18, 19), (18, 18), 0), ((18, 18), (18, 17), 0)])
(25, 55, [((16, 8), (16, 9), 22), ((16, 9), (16, 10), 0), ((16, 10), (15, 10), 0), ((15, 10), (14, 10), 0), ((14, 10), (13, 10), 0), ((13, 10), (12, 10), 0), ((12, 10), (11, 10), 0), ((11, 10), (10, 10), 0), ((10, 10), (9, 10), 0), ((9, 10), (8, 10), 0), ((8, 10), (8, 11), 0), ((16, 8), (16, 9), 36), ((16, 9), (17, 9), 0), ((17, 9), (17, 10), 0), ((17, 10), (17, 11), 0), ((17, 11), (17, 12), 0), ((17, 12), (17, 13), 0), ((17, 13), (17, 14), 0), ((17, 14), (17, 15), 0), ((16, 8), (16, 7), 44), ((16, 7), (16, 6), 0), ((16, 6), (15, 6), 0), ((15, 6), (14, 6), 0), ((16, 8), (17, 8), 48), ((17, 8), (18, 8), 0)])
(25, 51, [((11, 17), (11, 16), 24), ((11, 16), (11, 15), 0), ((11, 15), (10, 15), 0), ((10, 15), (9, 15), 0), ((9, 15), (9, 14), 0), ((9, 14), (9, 13), 0), ((9, 13), (9, 12), 0), ((9, 12), (10, 12), 0), ((10, 12), (11, 12), 0), ((11, 12), (12, 12), 0), ((12, 12), (13, 12), 0), ((13, 12), (14, 12), 0), ((11, 17), (11, 16), 36), ((11, 16), (12, 16), 0), ((12, 16), (13, 16), 0), ((13, 16), (14, 16), 0), ((14, 16), (15, 16), 0), ((15, 16), (16, 16), 0), ((16, 16), (17, 16), 0), ((11, 17), (10, 17), 44), ((10, 17), (9, 17), 0), ((9, 17), (8, 17), 0), ((8, 17), (7, 17), 0), ((11, 17), (12, 17), 48), ((12, 17), (13, 17), 0)])
(25, 57, [((14, 8), (14, 7), 24), ((14, 7), (15, 7), 0), ((15, 7), (15, 6), 0), ((15, 6), (15, 5), 0), ((15, 5), (15, 4), 0), ((15, 4), (15, 3), 0), ((15, 3), (14, 3), 0), ((14, 3), (13, 3), 0), ((13, 3), (12, 3), 0), ((12, 3), (11, 3), 0), ((11, 3), (10, 3), 0), ((10, 3), (9, 3), 0), ((14, 8), (14, 7), 36), ((14, 7), (15, 7), 0), ((15, 7), (16, 7), 0), ((16, 7), (17, 7), 0), ((17, 7), (18, 7), 0), ((18, 7), (18, 6), 0), ((18, 6), (18, 5), 0), ((18, 5), (18, 4), 0), ((14, 8), (14, 9), 44), ((14, 9), (14, 10), 0), ((14, 10), (14, 11), 0), ((14, 11), (15, 11), 0), ((14, 8), (13, 8), 48), ((13, 8), (12, 8), 0)])
(25, 49, [((4, 19), (4, 18), 24), ((4, 18), (4, 17), 0), ((4, 17), (4, 16), 0), ((4, 16), (5, 16), 0), ((5, 16), (6, 16), 0), ((6, 16), (7, 16), 0), ((7, 16), (8, 16), 0), ((8, 16), (9, 16), 0), ((9, 16), (10, 16), 0), ((10, 16), (11, 16), 0), ((11, 16), (12, 16), 0), ((12, 16), (12, 17), 0), ((4, 19), (4, 18), 36), ((4, 18), (4, 17), 0), ((4, 17), (3, 17), 0), ((3, 17), (2, 17), 0), ((2, 17), (1, 17), 0), ((1, 17), (1, 16), 0), ((1, 16), (1, 15), 0), ((1, 15), (0, 15), 0), ((4, 19), (5, 19), 44), ((5, 19), (6, 19), 0), ((6, 19), (7, 19), 0), ((7, 19), (7, 18), 0), ((4, 19), (3, 19), 48), ((3, 19), (2, 19), 0)])
(24, 45, [((13, 17), (12, 17), 22), ((12, 17), (12, 16), 0), ((12, 16), (12, 15), 0), ((12, 15), (12, 14), 0), ((12, 14), (11, 14), 0), ((11, 14), (10, 14), 0), ((10, 14), (9, 14), 0), ((9, 14), (8, 14), 0), ((8, 14), (7, 14), 0), ((7, 14), (6, 14), 0), ((6, 14), (6, 13), 0), ((13, 17), (12, 17), 34), ((12, 17), (12, 16), 0), ((12, 16), (12, 15), 0), ((12, 15), (12, 14), 0), ((12, 14), (12, 13), 0), ((12, 13), (13, 13), 0), ((13, 13), (14, 13), 0), ((14, 13), (14, 12), 0), ((14, 12), (15, 12), 0), ((15, 12), (16, 12), 0), ((13, 17), (14, 17), 44), ((14, 17), (14, 16), 0), ((14, 16), (14, 15), 0), ((14, 15), (15, 15), 0), ((15, 15), (16, 15), 0), ((13, 17), (13, 16), 49)])
(24, 42, [((1, 1), (1, 2), 18), ((1, 2), (2, 2), 0), ((2, 2), (3, 2), 0), ((3, 2), (4, 2), 0), ((4, 2), (5, 2), 0), ((5, 2), (5, 3), 0), ((5, 3), (5, 4), 0), ((5, 4), (5, 5), 0), ((5, 5), (5, 6), 0), ((1, 1), (1, 2), 30), ((1, 2), (2, 2), 0), ((2, 2), (2, 3), 0), ((2, 3), (2, 4), 0), ((2, 4), (1, 4), 0), ((1, 4), (1, 5), 0), ((1, 5), (1, 6), 0), ((1, 6), (1, 7), 0), ((1, 1), (2, 1), 38), ((2, 1), (2, 2), 0), ((2, 2), (3, 2), 0), ((3, 2), (4, 2), 0), ((4, 2), (4, 1), 0), ((4, 1), (5, 1), 0), ((5, 1), (6, 1), 0), ((1, 1), (1, 0), 45), ((1, 0), (2, 0), 0), ((2, 0), (3, 0), 0), ((1, 1), (0, 1), 48)])
(25, 55, [((1, 2), (2, 2), 24), ((2, 2), (2, 3), 0), ((2, 3), (2, 4), 0), ((2, 4), (2, 5), 0), ((2, 5), (3, 5), 0), ((3, 5), (4, 5), 0), ((4, 5), (5, 5), 0), ((5, 5), (6, 5), 0), ((6, 5), (7, 5), 0), ((7, 5), (8, 5), 0), ((8, 5), (9, 5), 0), ((9, 5), (10, 5), 0), ((1, 2), (2, 2), 36), ((2, 2), (3, 2), 0), ((3, 2), (4, 2), 0), ((4, 2), (5, 2), 0), ((5, 2), (6, 2), 0), ((6, 2), (7, 2), 0), ((7, 2), (8, 2), 0), ((1, 2), (0, 2), 44), ((0, 2), (0, 3), 0), ((0, 3), (0, 4), 0), ((0, 4), (0, 5), 0), ((1, 2), (1, 1), 48), ((1, 1), (1, 0), 0)])
(25, 53, [((1, 19), (1, 18), 24), ((1, 18), (2, 18), 0), ((2, 18), (2, 17), 0), ((2, 17), (2, 16), 0), ((2, 16), (3, 16), 0), ((3, 16), (4, 16), 0), ((4, 16), (5, 16), 0), ((5, 16), (6, 16), 0), ((6, 16), (7, 16), 0), ((7, 16), (8, 16), 0), ((8, 16), (9, 16), 0), ((9, 16), (10, 16), 0), ((1, 19), (2, 19), 38), ((2, 19), (2, 20), 0), ((2, 20), (3, 20), 0), ((3, 20), (4, 20), 0), ((4, 20), (5, 20), 0), ((5, 20), (5, 21), 0), ((5, 21), (5, 22), 0), ((1, 19), (1, 20), 45), ((1, 20), (1, 21), 0), ((1, 21), (1, 22), 0), ((1, 19), (0, 19), 48), ((0, 19), (0, 20), 0)])
(25, 49, [((19, 4), (18, 4), 22), ((18, 4), (18, 3), 0), ((18, 3), (17, 3), 0), ((17, 3), (16, 3), 0), ((16, 3), (15, 3), 0), ((15, 3), (14, 3), 0), ((14, 3), (14, 4), 0), ((14, 4), (14, 5), 0), ((14, 5), (14, 6), 0), ((14, 6), (14, 7), 0), ((14, 7), (14, 8), 0), ((19, 4), (18, 4), 34), ((18, 4), (18, 5), 0), ((18, 5), (18, 6), 0), ((18, 6), (18, 7), 0), ((18, 7), (17, 7), 0), ((17, 7), (17, 8), 0), ((17, 8), (17, 9), 0), ((19, 4), (19, 3), 42), ((19, 3), (19, 2), 0), ((19, 2), (18, 2), 0), ((18, 2), (18, 1), 0), ((19, 4), (19, 3), 46), ((19, 3), (20, 3), 0), ((20, 3), (20, 2), 0), ((19, 4), (20, 4), 49)])
(25, 47, [((13, 3), (12, 3), 20), ((12, 3), (12, 4), 0), ((12, 4), (12, 5), 0), ((12, 5), (12, 6), 0), ((12, 6), (11, 6), 0), ((11, 6), (10, 6), 0), ((10, 6), (9, 6), 0), ((9, 6), (9, 7), 0), ((9, 7), (9, 8), 0), ((9, 8), (9, 9), 0), ((13, 3), (12, 3), 30), ((12, 3), (12, 4), 0), ((12, 4), (12, 5), 0), ((12, 5), (13, 5), 0), ((13, 5), (14, 5), 0), ((14, 5), (15, 5), 0), ((15, 5), (16, 5), 0), ((16, 5), (16, 6), 0), ((13, 3), (12, 3), 38), ((12, 3), (12, 2), 0), ((12, 2), (11, 2), 0), ((11, 2), (10, 2), 0), ((10, 2), (10, 1), 0), ((13, 3), (12, 3), 44), ((12, 3), (11, 3), 0), ((11, 3), (10, 3), 0), ((10, 3), (9, 3), 0), ((13, 3), (13, 2), 48), ((13, 2), (13, 1), 0)])
(25, 41, [((18, 6), (18, 5), 20), ((18, 5), (19, 5), 0), ((19, 5), (20, 5), 0), ((20, 5), (20, 6), 0), ((20, 6), (20, 7), 0), ((20, 7), (20, 8), 0), ((20, 8), (20, 9), 0), ((20, 9), (20, 10), 0), ((20, 10), (20, 11), 0), ((20, 11), (21, 11), 0), ((18, 6), (18, 5), 30), ((18, 5), (19, 5), 0), ((19, 5), (20, 5), 0), ((20, 5), (20, 4), 0), ((20, 4), (20, 3), 0), ((20, 3), (20, 2), 0), ((20, 2), (19, 2), 0), ((19, 2), (18, 2), 0), ((18, 6), (18, 5), 38), ((18, 5), (17, 5), 0), ((17, 5), (17, 4), 0), ((17, 4), (17, 3), 0), ((17, 3), (16, 3), 0), ((18, 6), (18, 5), 44), ((18, 5), (18, 4), 0), ((18, 4), (18, 3), 0), ((18, 3), (19, 3), 0), ((18, 6), (18, 7), 48), ((18, 7), (18, 8), 0)])
(25, 59, [((13, 12), (13, 11), 24), ((13, 11), (13, 10), 0), ((13, 10), (13, 9), 0), ((13, 9), (13, 8), 0), ((13, 8), (13, 7), 0), ((13, 7), (13, 6), 0), ((13, 6), (12, 6), 0), ((12, 6), (11, 6), 0), ((11, 6), (10, 6), 0), ((10, 6), (10, 7), 0), ((10, 7), (10, 8), 0), ((10, 8), (10, 9), 0), ((13, 12), (13, 13), 38), ((13, 13), (13, 14), 0), ((13, 14), (13, 15), 0), ((13, 15), (12, 15), 0), ((12, 15), (11, 15), 0), ((11, 15), (10, 15), 0), ((10, 15), (10, 16), 0), ((13, 12), (12, 12), 45), ((12, 12), (11, 12), 0), ((11, 12), (11, 11), 0), ((13, 12), (14, 12), 48), ((14, 12), (14, 11), 0)])
(25, 55, [((7, 9), (7, 10), 26), ((7, 10), (6, 10), 0), ((6, 10), (6, 11), 0), ((6, 11), (6, 12), 0), ((6, 12), (7, 12), 0), ((7, 12), (8, 12), 0), ((8, 12), (9, 12), 0), ((9, 12), (10, 12), 0), ((10, 12), (11, 12), 0), ((11, 12), (12, 12), 0), ((12, 12), (13, 12), 0), ((13, 12), (14, 12), 0), ((14, 12), (15, 12), 0), ((7, 9), (7, 8), 39), ((7, 8), (7, 7), 0), ((7, 7), (7, 6), 0), ((7, 6), (8, 6), 0), ((8, 6), (9, 6), 0), ((9, 6), (10, 6), 0), ((7, 9), (6, 9), 45), ((6, 9), (5, 9), 0), ((5, 9), (4, 9), 0), ((7, 9), (8, 9), 48), ((8, 9), (8, 10), 0)])
(25, 49, [((14, 15), (14, 16), 24), ((14, 16), (14, 17), 0), ((14, 17), (15, 17), 0), ((15, 17), (16, 17), 0), ((16, 17), (17, 17), 0), ((17, 17), (18, 17), 0), ((18, 17), (19, 17), 0), ((19, 17), (19, 16), 0), ((19, 16), (19, 15), 0), ((19, 15), (19, 14), 0), ((19, 14), (19, 13), 0), ((19, 13), (19, 12), 0), ((14, 15), (14, 16), 36), ((14, 16), (15, 16), 0), ((15, 16), (15, 17), 0), ((15, 17), (15, 18), 0), ((15, 18), (15, 19), 0), ((15, 19), (14, 19), 0), ((14, 19), (13, 19), 0), ((13, 19), (12, 19), 0), ((14, 15), (14, 14), 44), ((14, 14), (13, 14), 0), ((13, 14), (12, 14), 0), ((12, 14), (11, 14), 0), ((14, 15), (13, 15), 48), ((13, 15), (13, 16), 0)])
(25, 42, [((2, 10), (2, 11), 20), ((2, 11), (2, 12), 0), ((2, 12), (3, 12), 0), ((3, 12), (4, 12), 0), ((4, 12), (5, 12), 0), ((5, 12), (6, 12), 0), ((6, 12), (7, 12), 0), ((7, 12), (7, 11), 0), ((7, 11), (7, 10), 0), ((7, 10), (6, 10), 0), ((2, 10), (2, 11), 30), ((2, 11), (2, 12), 0), ((2, 12), (1, 12), 0), ((1, 12), (1, 13), 0), ((1, 13), (1, 14), 0), ((1, 14), (1, 15), 0), ((1, 15), (1, 16), 0), ((2, 10), (2, 11), 38), ((2, 11), (3, 11), 0), ((3, 11), (3, 12), 0), ((3, 12), (3, 13), 0), ((3, 13), (3, 14), 0), ((3, 14), (4, 14), 0), ((2, 10), (2, 11), 44), ((2, 11), (1, 11), 0), ((1, 11), (0, 11), 0), ((0, 11), (0, 10), 0), ((2, 10), (1, 10), 48), ((1, 10), (1, 9), 0)])
(24, 41, [((10, 1), (9, 1), 22), ((9, 1), (8, 1), 0), ((8, 1), (8, 2), 0), ((8, 2), (7, 2), 0), ((7, 2), (6, 2), 0), ((6, 2), (5, 2), 0), ((5, 2), (5, 3), 0), ((5, 3), (5, 4), 0), ((5, 4), (5, 5), 0), ((5, 5), (5, 6), 0), ((5, 6), (5, 7), 0), ((10, 1), (9, 1), 33), ((9, 1), (8, 1), 0), ((8, 1), (8, 2), 0), ((8, 2), (7, 2), 0), ((7, 2), (7, 3), 0), ((7, 3), (6, 3), 0), ((6, 3), (5, 3), 0), ((5, 3), (4, 3), 0), ((4, 3), (3, 3), 0), ((3, 3), (2, 3), 0), ((10, 1), (10, 2), 43), ((10, 2), (11, 2), 0), ((11, 2), (12, 2), 0), ((12, 2), (12, 1), 0), ((12, 1), (13, 1), 0), ((10, 1), (10, 0), 48), ((10, 0), (9, 0), 0)])
(20, 42, [((1, 18), (2, 18), 26), ((2, 18), (2, 17), 0), ((2, 17), (3, 17), 0), ((3, 17), (3, 16), 0), ((3, 16), (4, 16), 0), ((4, 16), (5, 16), 0), ((5, 16), (6, 16), 0), ((6, 16), (6, 15), 0), ((6, 15), (7, 15), 0), ((7, 15), (8, 15), 0), ((8, 15), (8, 16), 0), ((8, 16), (9, 16), 0), ((9, 16), (10, 16), 0), ((1, 18), (2, 18), 39), ((2, 18), (2, 17), 0), ((2, 17), (3, 17), 0), ((3, 17), (3, 16), 0), ((3, 16), (4, 16), 0), ((4, 16), (4, 15), 0), ((4, 15), (4, 14), 0), ((4, 14), (4, 13), 0), ((4, 13), (4, 12), 0), ((4, 12), (4, 11), 0), ((4, 11), (4, 10), 0)])
(25, 58, [((3, 18), (4, 18), 22), ((4, 18), (4, 17), 0), ((4, 17), (4, 16), 0), ((4, 16), (4, 15), 0), ((4, 15), (4, 14), 0), ((4, 14), (4, 13), 0), ((4, 13), (4, 12), 0), ((4, 12), (4, 11), 0), ((4, 11), (3, 11), 0), ((3, 11), (2, 11), 0), ((2, 11), (1, 11), 0), ((3, 18), (4, 18), 34), ((4, 18), (4, 19), 0), ((4, 19), (4, 20), 0), ((4, 20), (4, 21), 0), ((4, 21), (5, 21), 0), ((5, 21), (6, 21), 0), ((6, 21), (7, 21), 0), ((3, 18), (2, 18), 42), ((2, 18), (1, 18), 0), ((1, 18), (1, 19), 0), ((1, 19), (1, 20), 0), ((3, 18), (4, 18), 46), ((4, 18), (5, 18), 0), ((5, 18), (6, 18), 0), ((3, 18), (3, 19), 49)])
(25, 56, [((17, 18), (17, 17), 22), ((17, 17), (17, 16), 0), ((17, 16), (17, 15), 0), ((17, 15), (17, 14), 0), ((17, 14), (17, 13), 0), ((17, 13), (16, 13), 0), ((16, 13), (15, 13), 0), ((15, 13), (14, 13), 0), ((14, 13), (13, 13), 0), ((13, 13), (12, 13), 0), ((12, 13), (11, 13), 0), ((17, 18), (17, 17), 34), ((17, 17), (17, 16), 0), ((17, 16), (16, 16), 0), ((16, 16), (15, 16), 0), ((15, 16), (14, 16), 0), ((14, 16), (13, 16), 0), ((13, 16), (12, 16), 0), ((12, 16), (11, 16), 0), ((17, 18), (16, 18), 42), ((16, 18), (16, 19), 0), ((16, 19), (15, 19), 0), ((15, 19), (14, 19), 0), ((17, 18), (17, 17), 46), ((17, 17), (18, 17), 0), ((18, 17), (19, 17), 0), ((17, 18), (18, 18), 49)])
(25, 61, [((11, 10), (10, 10), 20), ((10, 10), (9, 10), 0), ((9, 10), (8, 10), 0), ((8, 10), (7, 10), 0), ((7, 10), (7, 11), 0), ((7, 11), (7, 12), 0), ((7, 12), (7, 13), 0), ((7, 13), (7, 14), 0), ((7, 14), (6, 14), 0), ((6, 14), (5, 14), 0), ((11, 10), (10, 10), 32), ((10, 10), (9, 10), 0), ((9, 10), (9, 9), 0), ((9, 9), (9, 8), 0), ((9, 8), (9, 7), 0), ((9, 7), (8, 7), 0), ((8, 7), (7, 7), 0), ((7, 7), (6, 7), 0), ((11, 10), (11, 11), 42), ((11, 11), (11, 12), 0), ((11, 12), (11, 13), 0), ((11, 13), (11, 14), 0), ((11, 14), (11, 15), 0), ((11, 10), (12, 10), 47), ((12, 10), (13, 10), 0), ((11, 10), (11, 9), 49)])
(25, 59, [((4, 14), (5, 14), 24), ((5, 14), (6, 14), 0), ((6, 14), (6, 13), 0), ((6, 13), (6, 12), 0), ((6, 12), (6, 11), 0), ((6, 11), (6, 10), 0), ((6, 10), (6, 9), 0), ((6, 9), (6, 8), 0), ((6, 8), (6, 7), 0), ((6, 7), (6, 6), 0), ((6, 6), (6, 5), 0), ((6, 5), (7, 5), 0), ((4, 14), (5, 14), 36), ((5, 14), (6, 14), 0), ((6, 14), (7, 14), 0), ((7, 14), (8, 14), 0), ((8, 14), (9, 14), 0), ((9, 14), (9, 15), 0), ((9, 15), (9, 16), 0), ((9, 16), (8, 16), 0), ((4, 14), (4, 15), 44), ((4, 15), (3, 15), 0), ((3, 15), (2, 15), 0), ((2, 15), (2, 16), 0), ((4, 14), (4, 13), 48), ((4, 13), (4, 12), 0)])
(24, 37, [((5, 1), (6, 1), 20), ((6, 1), (7, 1), 0), ((7, 1), (8, 1), 0), ((8, 1), (8, 2), 0), ((8, 2), (9, 2), 0), ((9, 2), (10, 2), 0), ((10, 2), (11, 2), 0), ((11, 2), (11, 3), 0), ((11, 3), (11, 4), 0), ((11, 4), (11, 5), 0), ((5, 1), (6, 1), 30), ((6, 1), (7, 1), 0), ((7, 1), (8, 1), 0), ((8, 1), (9, 1), 0), ((9, 1), (10, 1), 0), ((10, 1), (11, 1), 0), ((11, 1), (12, 1), 0), ((12, 1), (13, 1), 0), ((5, 1), (6, 1), 38), ((6, 1), (7, 1), 0), ((7, 1), (7, 2), 0), ((7, 2), (7, 3), 0), ((7, 3), (8, 3), 0), ((8, 3), (8, 4), 0), ((5, 1), (6, 1), 44), ((6, 1), (7, 1), 0), ((7, 1), (7, 0), 0), ((7, 0), (8, 0), 0), ((8, 0), (9, 0), 0), ((5, 1), (5, 0), 49)])
(25, 51, [((14, 18), (14, 17), 24), ((14, 17), (14, 16), 0), ((14, 16), (14, 15), 0), ((14, 15), (15, 15), 0), ((15, 15), (16, 15), 0), ((16, 15), (16, 14), 0), ((16, 14), (16, 13), 0), ((16, 13), (16, 12), 0), ((16, 12), (16, 11), 0), ((16, 11), (16, 10), 0), ((16, 10), (16, 9), 0), ((16, 9), (16, 8), 0), ((14, 18), (14, 17), 36), ((14, 17), (13, 17), 0), ((13, 17), (12, 17), 0), ((12, 17), (11, 17), 0), ((11, 17), (11, 16), 0), ((11, 16), (11, 15), 0), ((11, 15), (11, 14), 0), ((14, 18), (15, 18), 44), ((15, 18), (16, 18), 0), ((16, 18), (17, 18), 0), ((17, 18), (17, 17), 0), ((14, 18), (13, 18), 48), ((13, 18), (12, 18), 0)])
(25, 43, [((16, 18), (15, 18), 22), ((15, 18), (15, 17), 0), ((15, 17), (15, 16), 0), ((15, 16), (15, 15), 0), ((15, 15), (15, 14), 0), ((15, 14), (16, 14), 0), ((16, 14), (17, 14), 0), ((17, 14), (17, 13), 0), ((17, 13), (17, 12), 0), ((17, 12), (17, 11), 0), ((17, 11), (16, 11), 0), ((16, 18), (15, 18), 33), ((15, 18), (15, 17), 0), ((15, 17), (14, 17), 0), ((14, 17), (13, 17), 0), ((13, 17), (13, 16), 0), ((13, 16), (12, 16), 0), ((12, 16), (11, 16), 0), ((16, 18), (15, 18), 40), ((15, 18), (14, 18), 0), ((14, 18), (13, 18), 0), ((13, 18), (12, 18), 0), ((12, 18), (11, 18), 0), ((16, 18), (16, 19), 45), ((16, 19), (15, 19), 0), ((15, 19), (15, 18), 0), ((16, 18), (17, 18), 48), ((17, 18), (18, 18), 0)])
(25, 56, [((18, 15), (18, 16), 22), ((18, 16), (18, 17), 0), ((18, 17), (17, 17), 0), ((17, 17), (16, 17), 0), ((16, 17), (15, 17), 0), ((15, 17), (14, 17), 0), ((14, 17), (14, 16), 0), ((14, 16), (14, 15), 0), ((14, 15), (13, 15), 0), ((13, 15), (12, 15), 0), ((12, 15), (11, 15), 0), ((18, 15), (18, 16), 34), ((18, 16), (18, 17), 0), ((18, 17), (19, 17), 0), ((19, 17), (19, 18), 0), ((19, 18), (19, 19), 0), ((19, 19), (19, 20), 0), ((19, 20), (18, 20), 0), ((18, 20), (17, 20), 0), ((18, 15), (18, 14), 42), ((18, 14), (18, 13), 0), ((18, 13), (18, 12), 0), ((18, 12), (17, 12), 0), ((18, 15), (18, 14), 46), ((18, 14), (17, 14), 0), ((17, 14), (16, 14), 0), ((18, 15), (19, 15), 49)])
(25, 51, [((15, 1), (15, 2), 22), ((15, 2), (15, 3), 0), ((15, 3), (15, 4), 0), ((15, 4), (15, 5), 0), ((15, 5), (15, 6), 0), ((15, 6), (15, 7), 0), ((15, 7), (16, 7), 0), ((16, 7), (16, 8), 0), ((16, 8), (16, 9), 0), ((16, 9), (17, 9), 0), ((17, 9), (18, 9), 0), ((15, 1), (15, 2), 34), ((15, 2), (15, 3), 0), ((15, 3), (16, 3), 0), ((16, 3), (17, 3), 0), ((17, 3), (18, 3), 0), ((18, 3), (19, 3), 0), ((19, 3), (19, 4), 0), ((19, 4), (18, 4), 0), ((15, 1), (15, 2), 42), ((15, 2), (14, 2), 0), ((14, 2), (13, 2), 0), ((13, 2), (12, 2), 0), ((12, 2), (12, 1), 0), ((15, 1), (16, 1), 47), ((16, 1), (16, 0), 0), ((15, 1), (14, 1), 49)])
(25, 59, [((15, 5), (15, 6), 24), ((15, 6), (14, 6), 0), ((14, 6), (13, 6), 0), ((13, 6), (12, 6), 0), ((12, 6), (11, 6), 0), ((11, 6), (10, 6), 0), ((10, 6), (9, 6), 0), ((9, 6), (8, 6), 0), ((8, 6), (7, 6), 0), ((7, 6), (6, 6), 0), ((6, 6), (5, 6), 0), ((5, 6), (4, 6), 0), ((15, 5), (16, 5), 38), ((16, 5), (17, 5), 0), ((17, 5), (18, 5), 0), ((18, 5), (18, 4), 0), ((18, 4), (18, 3), 0), ((18, 3), (18, 2), 0), ((18, 2), (18, 1), 0), ((15, 5), (14, 5), 45), ((14, 5), (13, 5), 0), ((13, 5), (12, 5), 0), ((15, 5), (15, 4), 48), ((15, 4), (15, 3), 0)])
(25, 57, [((5, 17), (6, 17), 24), ((6, 17), (7, 17), 0), ((7, 17), (7, 16), 0), ((7, 16), (7, 15), 0), ((7, 15), (7, 14), 0), ((7, 14), (7, 13), 0), ((7, 13), (8, 13), 0), ((8, 13), (9, 13), 0), ((9, 13), (10, 13), 0), ((10, 13), (11, 13), 0), ((11, 13), (12, 13), 0), ((12, 13), (13, 13), 0), ((5, 17), (6, 17), 36), ((6, 17), (7, 17), 0), ((7, 17), (8, 17), 0), ((8, 17), (8, 18), 0), ((8, 18), (9, 18), 0), ((9, 18), (10, 18), 0), ((10, 18), (11, 18), 0), ((11, 18), (12, 18), 0), ((5, 17), (5, 16), 44), ((5, 16), (5, 15), 0), ((5, 15), (5, 14), 0), ((5, 14), (5, 13), 0), ((5, 17), (4, 17), 48), ((4, 17), (3, 17), 0)])
(20, 30, [((15, 5), (16, 5), 24), ((16, 5), (16, 4), 0), ((16, 4), (17, 4), 0), ((17, 4), (17, 3), 0), ((17, 3), (17, 2), 0), ((17, 2), (16, 2), 0), ((16, 2), (15, 2), 0), ((15, 2), (14, 2), 0), ((14, 2), (13, 2), 0), ((13, 2), (12, 2), 0), ((12, 2), (11, 2), 0), ((11, 2), (10, 2), 0), ((15, 5), (16, 5), 36), ((16, 5), (17, 5), 0), ((17, 5), (17, 4), 0), ((17, 4), (17, 3), 0), ((17, 3), (17, 2), 0), ((17, 2), (16, 2), 0), ((16, 2), (15, 2), 0), ((15, 2), (15, 3), 0), ((15, 3), (14, 3), 0), ((14, 3), (13, 3), 0), ((13, 3), (12, 3), 0), ((15, 5), (16, 5), 47), ((16, 5), (16, 6), 0), ((16, 6), (17, 6), 0)])
(25, 57, [((8, 18), (9, 18), 22), ((9, 18), (10, 18), 0), ((10, 18), (11, 18), 0), ((11, 18), (12, 18), 0), ((12, 18), (13, 18), 0), ((13, 18), (14, 18), 0), ((14, 18), (15, 18), 0), ((15, 18), (16, 18), 0), ((16, 18), (16, 17), 0), ((16, 17), (16, 16), 0), ((16, 16), (16, 15), 0), ((8, 18), (8, 17), 36), ((8, 17), (8, 16), 0), ((8, 16), (8, 15), 0), ((8, 15), (8, 14), 0), ((8, 14), (8, 13), 0), ((8, 13), (8, 12), 0), ((8, 12), (8, 11), 0), ((8, 18), (8, 19), 44), ((8, 19), (8, 20), 0), ((8, 20), (8, 21), 0), ((8, 21), (7, 21), 0), ((8, 18), (7, 18), 48), ((7, 18), (6, 18), 0)])
(23, 36, [((1, 17), (1, 16), 24), ((1, 16), (2, 16), 0), ((2, 16), (2, 15), 0), ((2, 15), (2, 14), 0), ((2, 14), (3, 14), 0), ((3, 14), (4, 14), 0), ((4, 14), (5, 14), 0), ((5, 14), (6, 14), 0), ((6, 14), (7, 14), 0), ((7, 14), (7, 15), 0), ((7, 15), (7, 16), 0), ((7, 16), (8, 16), 0), ((1, 17), (1, 16), 36), ((1, 16), (2, 16), 0), ((2, 16), (2, 15), 0), ((2, 15), (2, 14), 0), ((2, 14), (2, 13), 0), ((2, 13), (2, 12), 0), ((2, 12), (2, 11), 0), ((2, 11), (1, 11), 0), ((1, 11), (1, 12), 0), ((1, 12), (1, 13), 0), ((1, 17), (0, 17), 46), ((0, 17), (0, 16), 0), ((0, 16), (0, 15), 0), ((0, 15), (0, 14), 0)])
(24, 49, [((19, 6), (19, 5), 24), ((19, 5), (18, 5), 0), ((18, 5), (17, 5), 0), ((17, 5), (16, 5), 0), ((16, 5), (15, 5), 0), ((15, 5), (15, 6), 0), ((15, 6), (15, 7), 0), ((15, 7), (15, 8), 0), ((15, 8), (15, 9), 0), ((15, 9), (15, 10), 0), ((15, 10), (15, 11), 0), ((15, 11), (16, 11), 0), ((19, 6), (19, 5), 38), ((19, 5), (19, 4), 0), ((19, 4), (18, 4), 0), ((18, 4), (17, 4), 0), ((17, 4), (16, 4), 0), ((16, 4), (16, 3), 0), ((16, 3), (16, 2), 0), ((16, 2), (15, 2), 0), ((19, 6), (19, 7), 46), ((19, 7), (19, 8), 0), ((19, 8), (18, 8), 0), ((18, 8), (18, 9), 0)])
(25, 51, [((2, 12), (2, 13), 20), ((2, 13), (3, 13), 0), ((3, 13), (4, 13), 0), ((4, 13), (5, 13), 0), ((5, 13), (5, 14), 0), ((5, 14), (5, 15), 0), ((5, 15), (6, 15), 0), ((6, 15), (7, 15), 0), ((7, 15), (8, 15), 0), ((8, 15), (9, 15), 0), ((2, 12), (2, 13), 30), ((2, 13), (3, 13), 0), ((3, 13), (4, 13), 0), ((4, 13), (5, 13), 0), ((5, 13), (5, 12), 0), ((5, 12), (6, 12), 0), ((6, 12), (7, 12), 0), ((7, 12), (8, 12), 0), ((8, 12), (9, 12), 0), ((2, 12), (2, 13), 40), ((2, 13), (2, 14), 0), ((2, 14), (2, 15), 0), ((2, 15), (2, 16), 0), ((2, 16), (1, 16), 0), ((1, 16), (0, 16), 0), ((2, 12), (1, 12), 46), ((1, 12), (1, 11), 0), ((1, 11), (1, 10), 0), ((2, 12), (3, 12), 49)])
(24, 44, [((2, 1), (3, 1), 24), ((3, 1), (4, 1), 0), ((4, 1), (5, 1), 0), ((5, 1), (6, 1), 0), ((6, 1), (7, 1), 0), ((7, 1), (8, 1), 0), ((8, 1), (8, 2), 0), ((8, 2), (8, 3), 0), ((8, 3), (8, 4), 0), ((8, 4), (9, 4), 0), ((9, 4), (10, 4), 0), ((10, 4), (11, 4), 0), ((2, 1), (3, 1), 36), ((3, 1), (4, 1), 0), ((4, 1), (4, 2), 0), ((4, 2), (4, 3), 0), ((4, 3), (4, 4), 0), ((4, 4), (4, 5), 0), ((4, 5), (4, 6), 0), ((4, 6), (4, 7), 0), ((2, 1), (3, 1), 44), ((3, 1), (3, 2), 0), ((3, 2), (3, 3), 0), ((3, 3), (3, 4), 0), ((3, 4), (3, 5), 0), ((2, 1), (2, 0), 49)])
(23, 36, [((3, 17), (3, 16), 22), ((3, 16), (4, 16), 0), ((4, 16), (5, 16), 0), ((5, 16), (6, 16), 0), ((6, 16), (6, 15), 0), ((6, 15), (6, 14), 0), ((6, 14), (6, 13), 0), ((6, 13), (6, 12), 0), ((6, 12), (6, 11), 0), ((6, 11), (7, 11), 0), ((7, 11), (8, 11), 0), ((3, 17), (3, 16), 34), ((3, 16), (4, 16), 0), ((4, 16), (5, 16), 0), ((5, 16), (6, 16), 0), ((6, 16), (6, 17), 0), ((6, 17), (7, 17), 0), ((7, 17), (8, 17), 0), ((8, 17), (9, 17), 0), ((9, 17), (10, 17), 0), ((10, 17), (11, 17), 0), ((3, 17), (4, 17), 44), ((4, 17), (4, 16), 0), ((4, 16), (4, 15), 0), ((4, 15), (5, 15), 0), ((5, 15), (5, 14), 0), ((5, 14), (5, 13), 0)])
(25, 54, [((18, 5), (18, 4), 24), ((18, 4), (17, 4), 0), ((17, 4), (16, 4), 0), ((16, 4), (15, 4), 0), ((15, 4), (15, 3), 0), ((15, 3), (14, 3), 0), ((14, 3), (13, 3), 0), ((13, 3), (12, 3), 0), ((12, 3), (11, 3), 0), ((11, 3), (10, 3), 0), ((10, 3), (9, 3), 0), ((9, 3), (8, 3), 0), ((18, 5), (18, 6), 36), ((18, 6), (18, 7), 0), ((18, 7), (19, 7), 0), ((19, 7), (19, 8), 0), ((19, 8), (19, 9), 0), ((19, 9), (19, 10), 0), ((18, 5), (18, 4), 42), ((18, 4), (19, 4), 0), ((19, 4), (19, 3), 0), ((19, 3), (19, 2), 0), ((18, 5), (18, 6), 46), ((18, 6), (17, 6), 0), ((17, 6), (17, 7), 0), ((18, 5), (19, 5), 49)])
(25, 46, [((13, 1), (13, 2), 24), ((13, 2), (13, 3), 0), ((13, 3), (13, 4), 0), ((13, 4), (14, 4), 0), ((14, 4), (15, 4), 0), ((15, 4), (15, 5), 0), ((15, 5), (15, 6), 0), ((15, 6), (15, 7), 0), ((15, 7), (15, 8), 0), ((15, 8), (16, 8), 0), ((16, 8), (17, 8), 0), ((17, 8), (17, 7), 0), ((13, 1), (13, 2), 36), ((13, 2), (12, 2), 0), ((12, 2), (11, 2), 0), ((11, 2), (10, 2), 0), ((10, 2), (9, 2), 0), ((9, 2), (8, 2), 0), ((8, 2), (8, 3), 0), ((13, 1), (13, 0), 44), ((13, 0), (14, 0), 0), ((14, 0), (15, 0), 0), ((15, 0), (16, 0), 0), ((13, 1), (14, 1), 48), ((14, 1), (15, 1), 0)])
(24, 44, [((20, 0), (19, 0), 26), ((19, 0), (19, 1), 0), ((19, 1), (19, 2), 0), ((19, 2), (19, 3), 0), ((19, 3), (18, 3), 0), ((18, 3), (17, 3), 0), ((17, 3), (16, 3), 0), ((16, 3), (15, 3), 0), ((15, 3), (14, 3), 0), ((14, 3), (13, 3), 0), ((13, 3), (12, 3), 0), ((12, 3), (11, 3), 0), ((11, 3), (11, 2), 0), ((20, 0), (19, 0), 39), ((19, 0), (18, 0), 0), ((18, 0), (17, 0), 0), ((17, 0), (16, 0), 0), ((16, 0), (16, 1), 0), ((16, 1), (15, 1), 0), ((15, 1), (14, 1), 0), ((20, 0), (20, 1), 46), ((20, 1), (20, 2), 0), ((20, 2), (20, 3), 0), ((20, 3), (20, 4), 0)])
(25, 56, [((7, 16), (8, 16), 22), ((8, 16), (9, 16), 0), ((9, 16), (9, 15), 0), ((9, 15), (9, 14), 0), ((9, 14), (9, 13), 0), ((9, 13), (9, 12), 0), ((9, 12), (9, 11), 0), ((9, 11), (10, 11), 0), ((10, 11), (11, 11), 0), ((11, 11), (12, 11), 0), ((12, 11), (13, 11), 0), ((7, 16), (8, 16), 34), ((8, 16), (9, 16), 0), ((9, 16), (10, 16), 0), ((10, 16), (11, 16), 0), ((11, 16), (11, 17), 0), ((11, 17), (11, 18), 0), ((11, 18), (11, 19), 0), ((11, 19), (11, 20), 0), ((7, 16), (6, 16), 42), ((6, 16), (6, 17), 0), ((6, 17), (6, 18), 0), ((6, 18), (7, 18), 0), ((7, 16), (6, 16), 46), ((6, 16), (6, 15), 0), ((6, 15), (6, 14), 0), ((7, 16), (7, 17), 49)])
(25, 58, [((15, 2), (16, 2), 24), ((16, 2), (16, 3), 0), ((16, 3), (16, 4), 0), ((16, 4), (16, 5), 0), ((16, 5), (16, 6), 0), ((16, 6), (15, 6), 0), ((15, 6), (14, 6), 0), ((14, 6), (13, 6), 0), ((13, 6), (12, 6), 0), ((12, 6), (11, 6), 0), ((11, 6), (10, 6), 0), ((10, 6), (9, 6), 0), ((15, 2), (14, 2), 36), ((14, 2), (14, 1), 0), ((14, 1), (13, 1), 0), ((13, 1), (12, 1), 0), ((12, 1), (11, 1), 0), ((11, 1), (10, 1), 0), ((15, 2), (16, 2), 42), ((16, 2), (16, 1), 0), ((16, 1), (17, 1), 0), ((17, 1), (18, 1), 0), ((15, 2), (14, 2), 46), ((14, 2), (14, 3), 0), ((14, 3), (13, 3), 0), ((15, 2), (15, 1), 49)])
(25, 46, [((19, 2), (19, 3), 20), ((19, 3), (18, 3), 0), ((18, 3), (18, 4), 0), ((18, 4), (18, 5), 0), ((18, 5), (18, 6), 0), ((18, 6), (18, 7), 0), ((18, 7), (18, 8), 0), ((18, 8), (18, 9), 0), ((18, 9), (17, 9), 0), ((17, 9), (16, 9), 0), ((19, 2), (19, 3), 32), ((19, 3), (20, 3), 0), ((20, 3), (21, 3), 0), ((21, 3), (21, 4), 0), ((21, 4), (21, 5), 0), ((21, 5), (21, 6), 0), ((21, 6), (21, 7), 0), ((19, 2), (19, 3), 39), ((19, 3), (18, 3), 0), ((18, 3), (17, 3), 0), ((17, 3), (16, 3), 0), ((16, 3), (15, 3), 0), ((19, 2), (19, 3), 44), ((19, 3), (19, 4), 0), ((19, 4), (19, 5), 0), ((19, 5), (20, 5), 0), ((19, 2), (20, 2), 48), ((20, 2), (20, 1), 0)])
(25, 44, [((13, 12), (13, 11), 20), ((13, 11), (12, 11), 0), ((12, 11), (11, 11), 0), ((11, 11), (10, 11), 0), ((10, 11), (10, 12), 0), ((10, 12), (10, 13), 0), ((10, 13), (10, 14), 0), ((10, 14), (10, 15), 0), ((10, 15), (9, 15), 0), ((9, 15), (9, 16), 0), ((13, 12), (13, 11), 30), ((13, 11), (12, 11), 0), ((12, 11), (11, 11), 0), ((11, 11), (10, 11), 0), ((10, 11), (10, 10), 0), ((10, 10), (9, 10), 0), ((9, 10), (9, 9), 0), ((9, 9), (9, 8), 0), ((9, 8), (9, 7), 0), ((13, 12), (13, 11), 39), ((13, 11), (14, 11), 0), ((14, 11), (15, 11), 0), ((15, 11), (16, 11), 0), ((16, 11), (16, 10), 0), ((13, 12), (13, 11), 44), ((13, 11), (13, 10), 0), ((13, 10), (14, 10), 0), ((14, 10), (14, 9), 0), ((13, 12), (13, 13), 48), ((13, 13), (14, 13), 0)])
(25, 39, [((4, 4), (4, 3), 18), ((4, 3), (4, 2), 0), ((4, 2), (3, 2), 0), ((3, 2), (2, 2), 0), ((2, 2), (1, 2), 0), ((1, 2), (0, 2), 0), ((0, 2), (0, 3), 0), ((0, 3), (0, 4), 0), ((0, 4), (0, 5), 0), ((4, 4), (4, 3), 30), ((4, 3), (4, 2), 0), ((4, 2), (5, 2), 0), ((5, 2), (6, 2), 0), ((6, 2), (7, 2), 0), ((7, 2), (7, 3), 0), ((7, 3), (7, 4), 0), ((7, 4), (7, 5), 0), ((4, 4), (4, 3), 38), ((4, 3), (4, 2), 0), ((4, 2), (4, 1), 0), ((4, 1), (3, 1), 0), ((3, 1), (2, 1), 0), ((2, 1), (1, 1), 0), ((4, 4), (4, 3), 44), ((4, 3), (5, 3), 0), ((5, 3), (6, 3), 0), ((6, 3), (6, 4), 0), ((4, 4), (3, 4), 48), ((3, 4), (3, 5), 0)])
(22, 41, [((1, 12), (1, 11), 24), ((1, 11), (1, 10), 0), ((1, 10), (1, 9), 0), ((1, 9), (1, 8), 0), ((1, 8), (2, 8), 0), ((2, 8), (2, 7), 0), ((2, 7), (2, 6), 0), ((2, 6), (2, 5), 0), ((2, 5), (2, 4), 0), ((2, 4), (3, 4), 0), ((3, 4), (4, 4), 0), ((4, 4), (5, 4), 0), ((1, 12), (1, 11), 38), ((1, 11), (1, 10), 0), ((1, 10), (1, 9), 0), ((1, 9), (2, 9), 0), ((2, 9), (3, 9), 0), ((3, 9), (3, 10), 0), ((3, 10), (3, 11), 0), ((3, 11), (3, 12), 0), ((3, 12), (3, 13), 0), ((3, 13), (3, 14), 0), ((1, 12), (0, 12), 48), ((0, 12), (0, 13), 0)])
(25, 50, [((3, 1), (3, 2), 20), ((3, 2), (4, 2), 0), ((4, 2), (5, 2), 0), ((5, 2), (6, 2), 0), ((6, 2), (7, 2), 0), ((7, 2), (8, 2), 0), ((8, 2), (9, 2), 0), ((9, 2), (9, 3), 0), ((9, 3), (9, 4), 0), ((9, 4), (9, 5), 0), ((3, 1), (3, 2), 30), ((3, 2), (4, 2), 0), ((4, 2), (5, 2), 0), ((5, 2), (6, 2), 0), ((6, 2), (6, 3), 0), ((6, 3), (6, 4), 0), ((6, 4), (6, 5), 0), ((6, 5), (5, 5), 0), ((5, 5), (4, 5), 0), ((3, 1), (3, 2), 40), ((3, 2), (2, 2), 0), ((2, 2), (1, 2), 0), ((1, 2), (1, 3), 0), ((1, 3), (1, 4), 0), ((1, 4), (1, 5), 0), ((3, 1), (2, 1), 46), ((2, 1), (1, 1), 0), ((1, 1), (1, 0), 0), ((3, 1), (4, 1), 49)])
(25, 48, [((21, 5), (21, 4), 24), ((21, 4), (20, 4), 0), ((20, 4), (19, 4), 0), ((19, 4), (18, 4), 0), ((18, 4), (17, 4), 0), ((17, 4), (17, 5), 0), ((17, 5), (17, 6), 0), ((17, 6), (16, 6), 0), ((16, 6), (15, 6), 0), ((15, 6), (14, 6), 0), ((14, 6), (13, 6), 0), ((13, 6), (12, 6), 0), ((21, 5), (21, 4), 36), ((21, 4), (20, 4), 0), ((20, 4), (20, 3), 0), ((20, 3), (20, 2), 0), ((20, 2), (20, 1), 0), ((20, 1), (19, 1), 0), ((19, 1), (18, 1), 0), ((18, 1), (17, 1), 0), ((21, 5), (21, 6), 44), ((21, 6), (21, 7), 0), ((21, 7), (21, 8), 0), ((21, 8), (20, 8), 0), ((21, 5), (20, 5), 48), ((20, 5), (19, 5), 0)])
